Sample	0	1	2	3	4	5	6	7	8	9	10	11	12	13	14	15
SRR14240730_1	(1.0, 16.125319446306474)	(2.0, 12.488190903654736)	(3.0, 7.388114282460151)	(4.0, 4.422923297786975)	(5.0, 2.9161017122222606)	(6.0, 2.047403371778399)	(7.0, 1.6101750023078822)	(8.0, 1.2724144060199258)	(9.0, 1.0377797659729322)	('>10', 10.375376393707691)	('>50', 2.5272492766276486)	('>100', 4.063807175657576)	('>500', 1.359909694761432)	('>1k', 3.2325609375898754)	('>5k', 1.6216828515694737)	('>10k+', 27.51099148157642)
SRR14240730_2	(1.0, 21.166482511742053)	(2.0, 13.931387971863254)	(3.0, 7.993619033368063)	(4.0, 4.443985610880415)	(5.0, 2.832255468797644)	(6.0, 1.8557788473684125)	(7.0, 1.467880007044161)	(8.0, 1.096127666499494)	(9.0, 0.9346767020745876)	('>10', 8.176078129812254)	('>50', 1.9740333735165534)	('>100', 3.1931355545144737)	('>500', 1.1364973672458571)	('>1k', 2.8297531592497434)	('>5k', 1.8206070672282513)	('>10k+', 25.14770152879477)
SRR14240731_1	(1.0, 20.02144961638519)	(2.0, 14.320994207651804)	(3.0, 8.471793436386337)	(4.0, 5.069112380227773)	(5.0, 3.372456202380884)	(6.0, 2.6474745323002398)	(7.0, 2.0259575468097357)	(8.0, 1.5712846370781697)	(9.0, 1.338085267285673)	('>10', 13.040924213986058)	('>50', 2.9938862026378485)	('>100', 4.529275126934781)	('>500', 1.4530485834420612)	('>1k', 2.7206566764678466)	('>5k', 1.3741215085297989)	('>10k+', 15.049479861496112)
SRR14240731_2	(1.0, 24.897253088371045)	(2.0, 15.819905037133358)	(3.0, 8.991277627733579)	(4.0, 5.345985183963396)	(5.0, 3.3615217786121954)	(6.0, 2.3851821920715794)	(7.0, 1.690758611075465)	(8.0, 1.402708637112804)	(9.0, 1.134127722999427)	('>10', 10.27830610279768)	('>50', 2.255861698469324)	('>100', 3.5099079308175267)	('>500', 1.099152821122272)	('>1k', 2.4163984905818885)	('>5k', 1.3520596397077569)	('>10k+', 14.059593437430681)
SRR14240732_1	(1.0, 24.68010779837488)	(2.0, 13.780519331249257)	(3.0, 7.214330373752381)	(4.0, 4.29034229486761)	(5.0, 2.919449404250022)	(6.0, 2.3250811061324295)	(7.0, 1.7725290433250804)	(8.0, 1.4331068548188204)	(9.0, 1.1581899169044416)	('>10', 11.51397381510155)	('>50', 2.4856040529307966)	('>100', 4.132392592589389)	('>500', 1.5218406239900453)	('>1k', 3.349136672888316)	('>5k', 1.5869748526021015)	('>10k+', 15.836421266222986)
SRR14240732_2	(1.0, 31.10785409313702)	(2.0, 15.272259570236917)	(3.0, 7.581062807157784)	(4.0, 4.134039155229923)	(5.0, 2.778793483986271)	(6.0, 1.9642672726575778)	(7.0, 1.4975882256390505)	(8.0, 1.1183466005721059)	(9.0, 0.9296814051923772)	('>10', 8.17325675345511)	('>50', 1.8674397051037657)	('>100', 3.582712166024721)	('>500', 1.2933727086298945)	('>1k', 3.095750954180644)	('>5k', 1.3997970668679087)	('>10k+', 14.203778031928795)
SRR14240733_1	(1.0, 26.23224960960678)	(2.0, 14.181984800150415)	(3.0, 7.2996478699109915)	(4.0, 4.343752712403683)	(5.0, 2.953245800895487)	(6.0, 2.2133317586596104)	(7.0, 1.748610862429081)	(8.0, 1.3353484365062145)	(9.0, 1.1261841265779327)	('>10', 10.857568367290641)	('>50', 2.428676645651372)	('>100', 3.7850242503892817)	('>500', 1.1860529454366238)	('>1k', 2.590454389503468)	('>5k', 1.1415238496950573)	('>10k+', 16.576343574893333)
SRR14240733_2	(1.0, 34.47157969547856)	(2.0, 16.138697782317422)	(3.0, 7.4582155342283745)	(4.0, 3.968793578227255)	(5.0, 2.4287463297983978)	(6.0, 1.785543013533855)	(7.0, 1.3061404185360317)	(8.0, 1.0394841896043678)	(9.0, 0.8060481463399438)	('>10', 7.259277571812412)	('>50', 1.628425169063702)	('>100', 2.8054884092396346)	('>500', 1.006883374544029)	('>1k', 2.3024011716108967)	('>5k', 1.2953236768481504)	('>10k+', 14.298951938816998)
SRR14240734_1	(1.0, 13.839768618735809)	(2.0, 11.490073408396492)	(3.0, 7.425092487466518)	(4.0, 4.568431422366654)	(5.0, 3.1376059502997307)	(6.0, 2.403618034170493)	(7.0, 1.8832262129136836)	(8.0, 1.589944362183292)	(9.0, 1.3879040356546712)	('>10', 14.197092389553267)	('>50', 3.5823054403749497)	('>100', 5.291574674463689)	('>500', 1.6524054140290043)	('>1k', 3.4675251273718586)	('>5k', 1.569372472130482)	('>10k+', 22.51405994988972)
SRR14240734_2	(1.0, 18.533617860133695)	(2.0, 12.851686260594212)	(3.0, 8.071388876933161)	(4.0, 4.962659611899311)	(5.0, 3.259867877312418)	(6.0, 2.4050233012293636)	(7.0, 1.8116983659994743)	(8.0, 1.5053306343019028)	(9.0, 1.271526732390833)	('>10', 12.038529105440427)	('>50', 2.7210983481526485)	('>100', 4.201925032318358)	('>500', 1.37972269820364)	('>1k', 2.774587411419099)	('>5k', 1.6338565965763445)	('>10k+', 20.577481287094844)
SRR14240735_1	(1.0, 20.192908588582792)	(2.0, 13.456556893976067)	(3.0, 7.821959959068769)	(4.0, 4.732742075296535)	(5.0, 3.3232249582843147)	(6.0, 2.458245332573539)	(7.0, 1.8371586480516164)	(8.0, 1.5178153206615592)	(9.0, 1.3365761493277004)	('>10', 12.231876575605284)	('>50', 2.6574584950540325)	('>100', 4.093165050390125)	('>500', 1.322483141656581)	('>1k', 2.501719393749992)	('>5k', 1.1750870555823856)	('>10k+', 19.341022362138524)
SRR14240735_2	(1.0, 25.60640389552739)	(2.0, 15.242221499814404)	(3.0, 8.41519876848062)	(4.0, 4.860514726256157)	(5.0, 3.0739098134113485)	(6.0, 2.1526305754993236)	(7.0, 1.5570621705737497)	(8.0, 1.2892408379961)	(9.0, 1.0865449744651716)	('>10', 9.07086491589947)	('>50', 2.0563159074925332)	('>100', 3.340781009066403)	('>500', 1.0932917191188183)	('>1k', 2.07653288901607)	('>5k', 1.2469373583577832)	('>10k+', 17.831548939024906)
SRR14240736_1	(1.0, 14.176695245017513)	(2.0, 11.997323517184624)	(3.0, 7.718615616828495)	(4.0, 4.739503495070378)	(5.0, 3.172596514287964)	(6.0, 2.2090931545272983)	(7.0, 1.7073530416215548)	(8.0, 1.368461189463526)	(9.0, 1.080211467498295)	('>10', 11.196611312039757)	('>50', 2.6527468530542944)	('>100', 4.403985508689427)	('>500', 1.6532146477516325)	('>1k', 3.7398144017312602)	('>5k', 1.8058590698815487)	('>10k+', 26.377914965352517)
SRR14240736_2	(1.0, 18.498824264363485)	(2.0, 13.75068308091229)	(3.0, 8.511689321468612)	(4.0, 5.034894716106484)	(5.0, 3.1663696525683203)	(6.0, 2.16876306573175)	(7.0, 1.6505288767713349)	(8.0, 1.2839792831560484)	(9.0, 0.9978684284945953)	('>10', 9.193891436984774)	('>50', 2.2551041272485635)	('>100', 3.9653293391021833)	('>500', 1.398782208319811)	('>1k', 3.317728715901806)	('>5k', 1.9397016836560428)	('>10k+', 22.86586179921369)
SRR14240737_1	(1.0, 14.248512934855404)	(2.0, 11.653586313199437)	(3.0, 7.370701555423204)	(4.0, 4.578759054078563)	(5.0, 3.1069493109186164)	(6.0, 2.240550915842708)	(7.0, 1.8678602350923077)	(8.0, 1.5287855573159397)	(9.0, 1.2212601292538283)	('>10', 13.124314849657603)	('>50', 3.2530377934650754)	('>100', 5.091670422039334)	('>500', 1.4994124136099587)	('>1k', 3.1765134456575583)	('>5k', 1.5435493218664256)	('>10k+', 24.494535747723855)
SRR14240737_2	(1.0, 18.856745853382016)	(2.0, 13.245906744847538)	(3.0, 8.15898482894371)	(4.0, 4.896623738442499)	(5.0, 3.132436081074267)	(6.0, 2.288951669091327)	(7.0, 1.7790739566222156)	(8.0, 1.380433428609302)	(9.0, 1.1880084314078658)	('>10', 11.228945948095733)	('>50', 2.7440650290333624)	('>100', 3.933598010993506)	('>500', 1.209007057938442)	('>1k', 2.6894638851976964)	('>5k', 1.6458801189145662)	('>10k+', 21.621875217405943)
SRR14240738_1	(1.0, 17.38258919827865)	(2.0, 14.0485931014304)	(3.0, 8.792863095590318)	(4.0, 5.630899596779169)	(5.0, 3.8848493338915255)	(6.0, 2.799950336420604)	(7.0, 2.160750372366198)	(8.0, 1.7886456145170944)	(9.0, 1.4283046233396937)	('>10', 14.019742784402794)	('>50', 3.189141495491063)	('>100', 4.475577430296965)	('>500', 1.2910766441313695)	('>1k', 2.339487362575017)	('>5k', 1.0529807229814212)	('>10k+', 15.714548287507613)
SRR14240738_2	(1.0, 23.894914186223698)	(2.0, 16.647695912814246)	(3.0, 10.007662638248249)	(4.0, 5.848753486766406)	(5.0, 3.6202233331486755)	(6.0, 2.6305328424070287)	(7.0, 1.9606243436804485)	(8.0, 1.4924319136208477)	(9.0, 1.214416220955657)	('>10', 10.46553674806732)	('>50', 2.170547224780282)	('>100', 3.284648951130715)	('>500', 0.9481711999379931)	('>1k', 1.850813941293633)	('>5k', 1.2069922997993865)	('>10k+', 12.756034757125237)
SRR14240739_1	(1.0, 10.54362687141122)	(2.0, 11.967823993864863)	(3.0, 9.396715320877187)	(4.0, 6.378386432336813)	(5.0, 4.066716221473289)	(6.0, 2.8132811994244626)	(7.0, 2.053390763918182)	(8.0, 1.5743920955882773)	(9.0, 1.3198052502769084)	('>10', 11.533745126463714)	('>50', 2.524102122324977)	('>100', 3.9911013769033166)	('>500', 1.412002997495446)	('>1k', 3.5050704315647803)	('>5k', 1.9135615576783032)	('>10k+', 25.006278238398455)
SRR14240739_2	(1.0, 14.101210236679318)	(2.0, 13.752568734373371)	(3.0, 10.541502698306594)	(4.0, 6.774003778476559)	(5.0, 4.166861501159586)	(6.0, 2.732940208193108)	(7.0, 1.9180361053531576)	(8.0, 1.4373127378394108)	(9.0, 1.1309318199594494)	('>10', 8.800424816845272)	('>50', 1.9431034203318525)	('>100', 3.364486316231913)	('>500', 1.2330093945764238)	('>1k', 3.243921335981766)	('>5k', 1.9990290646399482)	('>10k+', 22.860657831052357)
SRR14240740_1	(1.0, 13.47058085301046)	(2.0, 14.267644332170695)	(3.0, 10.556543675910406)	(4.0, 6.836690538241121)	(5.0, 4.455514346955718)	(6.0, 3.1878474195050055)	(7.0, 2.3330659171779997)	(8.0, 1.8148919750992876)	(9.0, 1.503576787536683)	('>10', 12.667851900210803)	('>50', 2.619396015503435)	('>100', 3.843888382331052)	('>500', 1.2982014082503177)	('>1k', 3.403704195634759)	('>5k', 1.8819849285952317)	('>10k+', 15.85861732386691)
SRR14240740_2	(1.0, 17.25572435506106)	(2.0, 16.027936790232282)	(3.0, 11.621668501026267)	(4.0, 7.2374566753822895)	(5.0, 4.4666261885931196)	(6.0, 2.9495362128829914)	(7.0, 2.1059288036579935)	(8.0, 1.559270164872882)	(9.0, 1.1732436266591222)	('>10', 9.806617192871482)	('>50', 1.896756205727386)	('>100', 3.2252166243478353)	('>500', 1.302797374995164)	('>1k', 3.0736977703830433)	('>5k', 2.1693250856485995)	('>10k+', 14.128198427658198)
SRR14240741_1	(1.0, 18.66074585057233)	(2.0, 14.874027590747888)	(3.0, 9.47202970994143)	(4.0, 5.973458017346953)	(5.0, 4.126079389292297)	(6.0, 2.929721323190835)	(7.0, 2.2778051583258394)	(8.0, 1.9167686412600538)	(9.0, 1.5371422089068048)	('>10', 15.684330611034852)	('>50', 3.266024995738793)	('>100', 4.401085288644004)	('>500', 1.1648033064276746)	('>1k', 2.2801246295505866)	('>5k', 0.7714814413238136)	('>10k+', 10.66437183769613)
SRR14240741_2	(1.0, 26.471918618129365)	(2.0, 18.40631470499729)	(3.0, 10.743681086019615)	(4.0, 6.252548219991305)	(5.0, 3.8581066173868384)	(6.0, 2.693272188532957)	(7.0, 1.9891606337212167)	(8.0, 1.5548337588444152)	(9.0, 1.267038396868512)	('>10', 10.208302168910874)	('>50', 1.9780178383792708)	('>100', 2.9746009323505453)	('>500', 0.8608544611692862)	('>1k', 1.822113889762849)	('>5k', 1.0310290142267848)	('>10k+', 7.888207470709206)
SRR14240742_1	(1.0, 38.63345483405029)	(2.0, 16.761009085636598)	(3.0, 7.9602514320725275)	(4.0, 4.521940726671161)	(5.0, 2.957999691045522)	(6.0, 2.133242958299799)	(7.0, 1.5862039531950356)	(8.0, 1.3380483281370237)	(9.0, 1.0409051744634312)	('>10', 9.244067988439003)	('>50', 1.7564934453910257)	('>100', 2.6912152753163556)	('>500', 0.7745602244804377)	('>1k', 1.590690839028423)	('>5k', 0.8623448725815462)	('>10k+', 6.147571171191823)
SRR14240742_2	(1.0, 46.56972198919762)	(2.0, 17.72970196593722)	(3.0, 7.39453129647305)	(4.0, 3.8784331041975886)	(5.0, 2.3062234878171406)	(6.0, 1.6201178509104481)	(7.0, 1.2047057425881686)	(8.0, 0.8954880178181416)	(9.0, 0.7308734684690587)	('>10', 6.25266414718683)	('>50', 1.347470396845371)	('>100', 1.8730037894854552)	('>500', 0.6038751630829334)	('>1k', 1.6924529281832068)	('>5k', 1.119476347567608)	('>10k+', 4.781260304240183)
SRR14240743_1	(1.0, 22.636820523719425)	(2.0, 11.945202148246938)	(3.0, 5.610292989729496)	(4.0, 3.0339640543717983)	(5.0, 1.8749217085244436)	(6.0, 1.3728007141944158)	(7.0, 1.04171441681738)	(8.0, 0.8432089422807085)	(9.0, 0.6802435474151749)	('>10', 6.6409057220508)	('>50', 1.8801941172530954)	('>100', 3.7093119842283633)	('>500', 1.3928478423223878)	('>1k', 3.320180482420787)	('>5k', 1.603820908969933)	('>10k+', 32.41356989745477)
SRR14240743_2	(1.0, 27.201862739020083)	(2.0, 12.52836514715213)	(3.0, 5.466875456403071)	(4.0, 2.698167382675156)	(5.0, 1.6644540299960024)	(6.0, 1.103937395534018)	(7.0, 0.816955221706476)	(8.0, 0.6387275969320723)	(9.0, 0.5100535099312293)	('>10', 5.681448959896295)	('>50', 1.7853030911351941)	('>100', 3.0448406652782167)	('>500', 1.1319799356420819)	('>1k', 2.877212235858086)	('>5k', 1.5777829869250026)	('>10k+', 31.272033645914743)
SRR14240744_1	(1.0, 20.174008865079234)	(2.0, 15.233904570761972)	(3.0, 8.991582814739859)	(4.0, 5.616712308011573)	(5.0, 3.669069122827823)	(6.0, 2.6218299725749525)	(7.0, 2.0888688618774633)	(8.0, 1.6213382548195296)	(9.0, 1.3019005628602933)	('>10', 12.57009774321822)	('>50', 2.7803266914330664)	('>100', 3.9580579641971716)	('>500', 1.3003006288498022)	('>1k', 2.642809352366859)	('>5k', 1.2884420081403907)	('>10k+', 14.140750278241757)
SRR14240744_2	(1.0, 25.35153583567249)	(2.0, 16.883488829579782)	(3.0, 9.65231378919448)	(4.0, 5.492078020217475)	(5.0, 3.5714369814141653)	(6.0, 2.3779833403803665)	(7.0, 1.8764737578356985)	(8.0, 1.4294798706350949)	(9.0, 1.1345272676842326)	('>10', 9.822577669954024)	('>50', 2.094298332844028)	('>100', 3.333583961932639)	('>500', 0.9690872532723345)	('>1k', 2.162381860229938)	('>5k', 1.4109830078608814)	('>10k+', 12.437770221292501)
SRR14240745_1	(1.0, 23.64162643011959)	(2.0, 14.778778442517146)	(3.0, 7.884596915438401)	(4.0, 4.629944591679602)	(5.0, 3.109849618820811)	(6.0, 2.1278317928871973)	(7.0, 1.6235532120716034)	(8.0, 1.2839466036462412)	(9.0, 1.085771048730727)	('>10', 9.595880829417764)	('>50', 2.0815408387246785)	('>100', 3.34801589453376)	('>500', 1.1558228006273779)	('>1k', 2.5325663444312445)	('>5k', 1.284840506205206)	('>10k+', 19.835434130148542)
SRR14240745_2	(1.0, 30.8434375424017)	(2.0, 16.43659320079825)	(3.0, 8.007786887689559)	(4.0, 4.198943311154017)	(5.0, 2.5309192576531436)	(6.0, 1.640696615780438)	(7.0, 1.2679814667696587)	(8.0, 1.0018375017873662)	(9.0, 0.7865231214609303)	('>10', 6.630248476506634)	('>50', 1.5557468142997688)	('>100', 2.67173340642971)	('>500', 0.9570169207641076)	('>1k', 2.4949984506339726)	('>5k', 1.4511403273831405)	('>10k+', 17.524396698487617)
SRR14240746_1	(1.0, 16.625794788261146)	(2.0, 12.994785357580021)	(3.0, 7.802724646709917)	(4.0, 4.502803661677667)	(5.0, 2.9275702970602864)	(6.0, 2.1063951319810372)	(7.0, 1.5574978407629503)	(8.0, 1.2324172330357548)	(9.0, 1.0431174039584052)	('>10', 9.890004457104622)	('>50', 2.4439879908623334)	('>100', 4.320925314338051)	('>500', 1.5202537441120025)	('>1k', 3.2512005053673616)	('>5k', 1.7822914694582561)	('>10k+', 25.998230157730397)
SRR14240746_2	(1.0, 20.42302568750055)	(2.0, 14.20161252497087)	(3.0, 8.31795039800517)	(4.0, 4.579847448790221)	(5.0, 2.8172735662232844)	(6.0, 1.9272298077396066)	(7.0, 1.3575581110462893)	(8.0, 1.0352214049281638)	(9.0, 0.9075453114872347)	('>10', 7.86096658836687)	('>50', 2.22386203303834)	('>100', 3.7074709325454127)	('>500', 1.18746665757438)	('>1k', 2.836579866031308)	('>5k', 1.7283107368431114)	('>10k+', 24.88807892490927)
SRR14240747_1	(1.0, 25.619392191985597)	(2.0, 14.509758940939243)	(3.0, 7.964268332511132)	(4.0, 4.899749625303445)	(5.0, 3.3515849820943058)	(6.0, 2.538212343769162)	(7.0, 1.9094923876830427)	(8.0, 1.6116933773426194)	(9.0, 1.3734992427020962)	('>10', 13.55629360045427)	('>50', 3.031513857116106)	('>100', 4.451355771758712)	('>500', 1.2628899145808352)	('>1k', 2.5632235940099424)	('>5k', 0.8455490785129569)	('>10k+', 10.511522759236527)
SRR14240747_2	(1.0, 32.89374737006941)	(2.0, 17.0422590429405)	(3.0, 8.578881167795965)	(4.0, 4.566216087087311)	(5.0, 3.10793386321352)	(6.0, 2.181766531495948)	(7.0, 1.6168741974422953)	(8.0, 1.2825061857188826)	(9.0, 1.0934641588762486)	('>10', 9.69186718571558)	('>50', 2.0426168267697395)	('>100', 3.1477771054373576)	('>500', 1.0065703209930206)	('>1k', 2.0136218563824517)	('>5k', 1.1124362737678126)	('>10k+', 8.621461826294084)
SRR14240748_1	(1.0, 18.24397186077719)	(2.0, 13.593328976315794)	(3.0, 7.971521310684887)	(4.0, 4.888875870851797)	(5.0, 3.240997113694714)	(6.0, 2.4166563827531498)	(7.0, 1.9476274865760128)	(8.0, 1.4985202023871131)	(9.0, 1.2615906005479742)	('>10', 12.347768903403589)	('>50', 2.940395264606473)	('>100', 4.284522409619014)	('>500', 1.3196554010947412)	('>1k', 3.1477068818802647)	('>5k', 1.6769591178799514)	('>10k+', 19.219902216927082)
SRR14240748_2	(1.0, 23.752961951183547)	(2.0, 15.078310885532058)	(3.0, 8.591220502062711)	(4.0, 5.020335926433483)	(5.0, 3.239365359184091)	(6.0, 2.3064866818550196)	(7.0, 1.7715354421253222)	(8.0, 1.3141594565839818)	(9.0, 1.1159818592105801)	('>10', 10.456959174034605)	('>50', 2.2050869784045446)	('>100', 3.386594599196144)	('>500', 1.1173327843000318)	('>1k', 2.8448529906660536)	('>5k', 1.5415113156577143)	('>10k+', 16.2573040935701)
SRR14240749_1	(1.0, 15.589899133623744)	(2.0, 14.752965036947078)	(3.0, 10.234587103732334)	(4.0, 6.616650897474156)	(5.0, 4.550986445547534)	(6.0, 3.145998213798186)	(7.0, 2.497853379336885)	(8.0, 2.0100429174606473)	(9.0, 1.587818631204832)	('>10', 15.034207112986534)	('>50', 3.049941530715459)	('>100', 4.42089546168419)	('>500', 1.261300801686332)	('>1k', 2.351492845636629)	('>5k', 0.9721207021439476)	('>10k+', 11.923239786021416)
SRR14240749_2	(1.0, 21.253217093653348)	(2.0, 17.84195182874271)	(3.0, 11.95951332914782)	(4.0, 7.072327398214499)	(5.0, 4.407205975011457)	(6.0, 2.9637257172107994)	(7.0, 2.130430348216793)	(8.0, 1.6319329529895912)	(9.0, 1.3178555348795886)	('>10', 10.301589221744676)	('>50', 2.085769953207399)	('>100', 2.9323648180211785)	('>500', 0.9438710461610492)	('>1k', 1.8194754810486131)	('>5k', 1.1856695958438186)	('>10k+', 10.153099705906522)
SRR14240750_1	(1.0, 16.464000949414405)	(2.0, 14.704345260738133)	(3.0, 9.854795034330497)	(4.0, 6.120927347179683)	(5.0, 4.01566215815258)	(6.0, 2.9224782978025012)	(7.0, 2.095034759768046)	(8.0, 1.7690332672052986)	(9.0, 1.4441746561343645)	('>10', 13.544422555342555)	('>50', 2.7487502992624355)	('>100', 4.070715653550985)	('>500', 1.2717108003917292)	('>1k', 2.7854009570404714)	('>5k', 1.4555856886098621)	('>10k+', 14.73296231507663)
SRR14240750_2	(1.0, 22.20652095884926)	(2.0, 17.57787370838034)	(3.0, 11.029266368327262)	(4.0, 6.434794535072171)	(5.0, 4.04799683283137)	(6.0, 2.6316722403408748)	(7.0, 1.9314255944269105)	(8.0, 1.412780043479253)	(9.0, 1.121591930828305)	('>10', 9.556615196850169)	('>50', 1.7746321116694157)	('>100', 2.9408130865182023)	('>500', 1.018640469584126)	('>1k', 2.5266330988658803)	('>5k', 1.573235699098367)	('>10k+', 12.215508124877836)
SRR14240751_1	(1.0, 4.2005972517838215)	(2.0, 6.20423095254777)	(3.0, 7.790745142765678)	(4.0, 7.588696047047527)	(5.0, 6.292696127044518)	(6.0, 4.605448418631466)	(7.0, 3.386768175970287)	(8.0, 2.428302003889938)	(9.0, 1.8349342617266406)	('>10', 13.31729121813112)	('>50', 2.4234377992961353)	('>100', 3.690474902146691)	('>500', 1.2875680843567006)	('>1k', 3.28370576040882)	('>5k', 1.8784305516243882)	('>10k+', 29.78667330262853)
SRR14240751_2	(1.0, 10.452006548200998)	(2.0, 7.939433582188057)	(3.0, 9.525966667073158)	(4.0, 9.045844993460465)	(5.0, 7.147868801096867)	(6.0, 5.145727391518311)	(7.0, 3.52168446143991)	(8.0, 2.399902972196007)	(9.0, 1.6737281507815622)	('>10', 9.434666973706777)	('>50', 1.578299620075151)	('>100', 2.785143983607613)	('>500', 1.1400913019187382)	('>1k', 3.0986834041084776)	('>5k', 1.9611881483040692)	('>10k+', 23.149763000323777)
SRR14240752_1	(1.0, 19.81015121482705)	(2.0, 15.332360031746331)	(3.0, 9.195518891914702)	(4.0, 5.472462188070607)	(5.0, 3.454990973499216)	(6.0, 2.4259472344890862)	(7.0, 1.8384660652681406)	(8.0, 1.526145164106565)	(9.0, 1.2069342118970336)	('>10', 11.172153666209278)	('>50', 2.448699544495784)	('>100', 3.8055497824951905)	('>500', 1.2806599446050406)	('>1k', 2.8948052442131993)	('>5k', 1.5345930008876338)	('>10k+', 16.600562841275085)
SRR14240752_2	(1.0, 26.092994429508582)	(2.0, 16.982664333936057)	(3.0, 9.653345365314305)	(4.0, 5.2446314173872235)	(5.0, 3.195807057358477)	(6.0, 2.1940918011048987)	(7.0, 1.5809178169895706)	(8.0, 1.177827157170398)	(9.0, 1.0097834720517955)	('>10', 8.189915469232558)	('>50', 1.7345088224725822)	('>100', 2.9795035935125567)	('>500', 1.0232583691822208)	('>1k', 2.710286987663868)	('>5k', 1.5742678155639838)	('>10k+', 14.656196091550989)
SRR14240753_1	(1.0, 28.589304785839282)	(2.0, 13.048211396954908)	(3.0, 7.299147825132306)	(4.0, 4.4441737787586995)	(5.0, 3.076022272404631)	(6.0, 2.289648376049376)	(7.0, 1.8837191736125458)	(8.0, 1.5283383148031207)	(9.0, 1.2529138790941645)	('>10', 12.25122793615154)	('>50', 2.678583884941663)	('>100', 3.8159464084253636)	('>500', 1.1434692976031557)	('>1k', 2.6534456392500436)	('>5k', 1.2793043047884807)	('>10k+', 12.766542726190686)
SRR14240753_2	(1.0, 37.72275506145591)	(2.0, 14.014588486348892)	(3.0, 7.335239366733916)	(4.0, 4.170120908294024)	(5.0, 2.7470316164310895)	(6.0, 1.9648224550054574)	(7.0, 1.5057471642309115)	(8.0, 1.1504719844274305)	(9.0, 0.9406059730709251)	('>10', 8.384594058276344)	('>50', 1.8167687975572313)	('>100', 2.7691461566883233)	('>500', 0.9988993212327404)	('>1k', 2.5026537806623037)	('>5k', 1.2500770668539598)	('>10k+', 10.726477802730594)
SRR14240754_1	(1.0, 28.37860914752207)	(2.0, 10.80413364801372)	(3.0, 5.975252064296221)	(4.0, 3.4142439487734295)	(5.0, 2.236552101138043)	(6.0, 1.600897262155438)	(7.0, 1.2005029608824387)	(8.0, 0.957187890855038)	(9.0, 0.8344036476771833)	('>10', 8.308924697115236)	('>50', 1.952547906044388)	('>100', 3.292778275411408)	('>500', 1.2229721847942863)	('>1k', 3.4428132022624856)	('>5k', 1.9990300445614222)	('>10k+', 24.379151018497293)
SRR14240754_2	(1.0, 39.483997147431445)	(2.0, 10.816804024778115)	(3.0, 5.6739626353862205)	(4.0, 3.1468130917217216)	(5.0, 1.9136496916099441)	(6.0, 1.34585766571616)	(7.0, 1.0209994337996176)	(8.0, 0.7945954798867734)	(9.0, 0.6323374488640945)	('>10', 6.71714090958941)	('>50', 1.6211255974030032)	('>100', 2.4332645495112644)	('>500', 0.9633982712245726)	('>1k', 3.1840784257516757)	('>5k', 1.81954140490088)	('>10k+', 18.432434222425183)
SRR14240755_1	(1.0, 25.189135182224682)	(2.0, 14.203702625343176)	(3.0, 8.648348290811574)	(4.0, 5.213756303885423)	(5.0, 3.5115082543446112)	(6.0, 2.4832841622732706)	(7.0, 1.9570519364981696)	(8.0, 1.5376119214798663)	(9.0, 1.2760273084533469)	('>10', 12.321202493864309)	('>50', 2.8453311913169665)	('>100', 4.0742616361791955)	('>500', 1.3149213163055289)	('>1k', 2.7005159507954293)	('>5k', 0.9901206924074799)	('>10k+', 11.73322073381684)
SRR14240755_2	(1.0, 32.1983560951856)	(2.0, 15.617017106055513)	(3.0, 9.047859342927582)	(4.0, 5.2366525533827275)	(5.0, 3.2237190720822864)	(6.0, 2.1362669074024514)	(7.0, 1.6636374352519065)	(8.0, 1.223752080086179)	(9.0, 1.0672196274575079)	('>10', 9.617803960333834)	('>50', 2.149012188983464)	('>100', 3.391690947129521)	('>500', 1.0639911504355706)	('>1k', 2.0336136138416543)	('>5k', 1.2023058221493383)	('>10k+', 9.12710209729464)
SRR14240756_1	(1.0, 32.597954440583486)	(2.0, 10.841175872736475)	(3.0, 5.670402182212615)	(4.0, 3.4495865291690424)	(5.0, 2.2414144046438573)	(6.0, 1.6816600048041566)	(7.0, 1.3023929817130282)	(8.0, 1.075060472497404)	(9.0, 0.917161056476203)	('>10', 9.956487840641724)	('>50', 2.5476902693878203)	('>100', 3.8977084419061976)	('>500', 1.1124055622830051)	('>1k', 2.794925934079125)	('>5k', 1.900764730840791)	('>10k+', 18.013209276025194)
SRR14240756_2	(1.0, 42.12387484761225)	(2.0, 11.13828497702023)	(3.0, 5.348045622499166)	(4.0, 3.095011342798901)	(5.0, 2.081082772139393)	(6.0, 1.416443258328002)	(7.0, 1.133374043324747)	(8.0, 0.9490386945748981)	(9.0, 0.7733505741310933)	('>10', 8.354253884990207)	('>50', 2.041736845310872)	('>100', 2.7046500745305546)	('>500', 0.8485009565715734)	('>1k', 2.5780448545034322)	('>5k', 1.4786065962871389)	('>10k+', 13.935700655377556)
SRR14240757_1	(1.0, 17.09007029938691)	(2.0, 9.85487654462048)	(3.0, 6.387478848830525)	(4.0, 3.8434931564636168)	(5.0, 2.694326981729096)	(6.0, 1.9287375010243584)	(7.0, 1.56331140914231)	(8.0, 1.2605953450942158)	(9.0, 1.0437215332817231)	('>10', 11.81352674032191)	('>50', 3.2321477763837225)	('>100', 5.419406175052097)	('>500', 1.9315350316909716)	('>1k', 4.057763998910536)	('>5k', 2.071034092348902)	('>10k+', 25.80797456571875)
SRR14240757_2	(1.0, 26.49693910235363)	(2.0, 10.855906553744903)	(3.0, 6.734802863442933)	(4.0, 3.8970848775866123)	(5.0, 2.533168902356989)	(6.0, 1.8581878436253383)	(7.0, 1.4520998910125196)	(8.0, 1.1979527626194804)	(9.0, 0.9634940569781527)	('>10', 10.14103189287533)	('>50', 2.6008822542686985)	('>100', 4.217539014567326)	('>500', 1.3433953584638898)	('>1k', 3.6354855446661776)	('>5k', 2.215045964425945)	('>10k+', 19.856983117011772)
SRR14240758_1	(1.0, 29.598753794844633)	(2.0, 12.781277282091146)	(3.0, 6.479402716128028)	(4.0, 3.8978390017747153)	(5.0, 2.6535568692349623)	(6.0, 1.9826221917792226)	(7.0, 1.493878084290636)	(8.0, 1.3068268681366157)	(9.0, 1.1153259231109265)	('>10', 11.208919073553563)	('>50', 2.759534690293574)	('>100', 4.469426670824926)	('>500', 1.4181378380251695)	('>1k', 2.782945801071829)	('>5k', 1.1361794774426073)	('>10k+', 14.915373717397618)
SRR14240758_2	(1.0, 38.58473351655394)	(2.0, 13.386520765704374)	(3.0, 6.375504148185454)	(4.0, 3.4769985235142)	(5.0, 2.261200596618097)	(6.0, 1.6428445052859686)	(7.0, 1.2704080706611895)	(8.0, 1.0200970461636694)	(9.0, 0.8232907073049505)	('>10', 8.178064177346798)	('>50', 2.0568674034904215)	('>100', 3.200051185044947)	('>500', 1.0652729892233765)	('>1k', 2.2781650447982016)	('>5k', 1.3181998347619839)	('>10k+', 13.061781485342319)
SRR14240759_1	(1.0, 37.351628568407776)	(2.0, 14.401357029414555)	(3.0, 6.914900020034927)	(4.0, 4.088412830074625)	(5.0, 2.704593908040191)	(6.0, 1.9572209523450999)	(7.0, 1.514149764914201)	(8.0, 1.168976529551186)	(9.0, 1.004034073885795)	('>10', 9.19960558832971)	('>50', 1.9600064512737059)	('>100', 3.163443590379014)	('>500', 1.1292812287682958)	('>1k', 3.14468674975962)	('>5k', 1.415146294559661)	('>10k+', 8.882556420261501)
SRR14240759_2	(1.0, 47.336339747906386)	(2.0, 14.701734244832618)	(3.0, 6.330319589477805)	(4.0, 3.505683343220646)	(5.0, 2.0720749997151935)	(6.0, 1.4602713116081596)	(7.0, 1.1230021469358742)	(8.0, 0.8150969539822922)	(9.0, 0.6826293206831209)	('>10', 6.149350178978814)	('>50', 1.3479024797791597)	('>100', 2.3058652915240714)	('>500', 0.977775315621272)	('>1k', 3.091660179963536)	('>5k', 1.8181351181391612)	('>10k+', 6.282159777631886)
SRR14240760_1	(1.0, 27.64439931980473)	(2.0, 10.981432664161876)	(3.0, 5.84846819980357)	(4.0, 3.705390887589511)	(5.0, 2.5708120666850873)	(6.0, 2.063760367721534)	(7.0, 1.6315920504387311)	(8.0, 1.3043620300232364)	(9.0, 1.1744270260725471)	('>10', 12.025997398231453)	('>50', 3.042866821690138)	('>100', 4.846207381839536)	('>500', 1.5249403326173632)	('>1k', 3.206333281998853)	('>5k', 1.706159135028675)	('>10k+', 16.722851036293125)
SRR14240760_2	(1.0, 35.77381347226709)	(2.0, 11.385560181682285)	(3.0, 5.739026553429325)	(4.0, 3.458592657012375)	(5.0, 2.4178754140753362)	(6.0, 1.6800308951343113)	(7.0, 1.401009408943852)	(8.0, 1.0779166952514094)	(9.0, 0.9205525388055878)	('>10', 9.192511187010025)	('>50', 2.296281608285975)	('>100', 3.699300209851203)	('>500', 1.2688601474563574)	('>1k', 3.063461222126682)	('>5k', 1.3098042982533955)	('>10k+', 15.315403510414944)
SRR14240761_1	(1.0, 12.966047617108337)	(2.0, 9.155420030678592)	(3.0, 7.173773665571494)	(4.0, 4.805234387216309)	(5.0, 3.1264611299445133)	(6.0, 2.304403050978603)	(7.0, 1.7080825779283513)	(8.0, 1.3936946215956225)	(9.0, 1.1381058587941622)	('>10', 12.172931250467002)	('>50', 3.3619986025601247)	('>100', 5.994278592997395)	('>500', 1.9695527778848962)	('>1k', 3.8516328642796784)	('>5k', 1.7754141074374366)	('>10k+', 27.102968864557507)
SRR14240761_2	(1.0, 22.53779795896966)	(2.0, 10.824615714227095)	(3.0, 8.101858283932275)	(4.0, 5.23110297806597)	(5.0, 3.3078045477537668)	(6.0, 2.2185253927745725)	(7.0, 1.627405423359904)	(8.0, 1.220580606773257)	(9.0, 1.038397745635097)	('>10', 10.602502486984536)	('>50', 2.8543482991500055)	('>100', 4.379197079732121)	('>500', 1.367441563253445)	('>1k', 3.356093183277116)	('>5k', 1.9302038375566606)	('>10k+', 19.402124898554586)
SRR14240762_1	(1.0, 24.60879030116827)	(2.0, 10.706773391303113)	(3.0, 6.145505007509892)	(4.0, 4.071057918900034)	(5.0, 2.8116499569356335)	(6.0, 2.2821638663007304)	(7.0, 1.8690192617486918)	(8.0, 1.5831243968159798)	(9.0, 1.2563934674789974)	('>10', 14.844715124456128)	('>50', 3.954751072083302)	('>100', 6.18254539515843)	('>500', 1.748182630301167)	('>1k', 2.6429058879457057)	('>5k', 1.075929380144675)	('>10k+', 14.216492941748902)
SRR14240762_2	(1.0, 32.736254904246245)	(2.0, 11.128489516722741)	(3.0, 6.262227668780283)	(4.0, 3.8831528415918264)	(5.0, 2.692174072591158)	(6.0, 2.0793380890334405)	(7.0, 1.6231675610745158)	(8.0, 1.3782241009809741)	(9.0, 1.1798444601474267)	('>10', 12.177698024979815)	('>50', 3.2022006885815086)	('>100', 4.691518186976413)	('>500', 1.105880442774613)	('>1k', 1.9929358253482625)	('>5k', 0.9670411713119424)	('>10k+', 12.899852444858551)
SRR14240763_1	(1.0, 31.037279841596)	(2.0, 15.008967574948437)	(3.0, 7.986597542137279)	(4.0, 4.6531687173177225)	(5.0, 2.958133456389285)	(6.0, 2.1108559061217456)	(7.0, 1.7226213197821538)	(8.0, 1.3362931081429112)	(9.0, 1.1653182367835813)	('>10', 10.969186691757638)	('>50', 2.398070002818054)	('>100', 3.594224446668774)	('>500', 1.225136920104886)	('>1k', 2.3574902237858484)	('>5k', 1.2751767703716377)	('>10k+', 10.201479241274173)
SRR14240763_2	(1.0, 40.70925437776511)	(2.0, 15.428039508871944)	(3.0, 7.666770427984831)	(4.0, 4.17824274601159)	(5.0, 2.577593975299928)	(6.0, 1.817900875370301)	(7.0, 1.311396610514642)	(8.0, 1.0346710282461276)	(9.0, 0.8359080093923131)	('>10', 7.779999115798287)	('>50', 1.7583278715551889)	('>100', 2.7551822244484203)	('>500', 0.9296994858042642)	('>1k', 2.2967160139849967)	('>5k', 1.337428689566032)	('>10k+', 7.582869039386102)
SRR14240764_1	(1.0, 27.21226860585295)	(2.0, 12.576343010794899)	(3.0, 7.021450471808738)	(4.0, 4.382279506412976)	(5.0, 3.0684165670790726)	(6.0, 2.3100132765287023)	(7.0, 1.7950898507354582)	(8.0, 1.4934758076442738)	(9.0, 1.2593270514607788)	('>10', 12.12986253663258)	('>50', 2.588758903094452)	('>100', 3.6060360669179525)	('>500', 1.105807588799764)	('>1k', 2.64353573741622)	('>5k', 1.289302053369216)	('>10k+', 15.518032965451908)
SRR14240764_2	(1.0, 36.019425196649316)	(2.0, 14.355049813466215)	(3.0, 7.28809963667015)	(4.0, 4.184795126805372)	(5.0, 2.7825748784846462)	(6.0, 1.9492203138164501)	(7.0, 1.4028252188235808)	(8.0, 1.1012384425962733)	(9.0, 0.9258747677734784)	('>10', 7.883872993719382)	('>50', 1.6576342505523836)	('>100', 2.6381428991512292)	('>500', 1.044808226068789)	('>1k', 2.581954423878618)	('>5k', 1.2358246077296622)	('>10k+', 12.948659203814527)
SRR14240765_1	(1.0, 22.110207821994734)	(2.0, 10.910459557940081)	(3.0, 6.479901933466582)	(4.0, 4.156769477065008)	(5.0, 3.0248970244747984)	(6.0, 2.2576521144410546)	(7.0, 1.7571279350078597)	(8.0, 1.497365035856866)	(9.0, 1.250526159070014)	('>10', 13.503707900791062)	('>50', 3.479398316474932)	('>100', 5.246844055503238)	('>500', 1.4997973458123395)	('>1k', 2.79571223040001)	('>5k', 1.1225984902311767)	('>10k+', 18.907034601470503)
SRR14240765_2	(1.0, 30.46684777686704)	(2.0, 12.300527311927222)	(3.0, 6.907624794748016)	(4.0, 4.120093946141182)	(5.0, 2.7416607695437567)	(6.0, 2.021433648294447)	(7.0, 1.5333497130360487)	(8.0, 1.2350308783936261)	(9.0, 0.983194279379616)	('>10', 10.35007594254417)	('>50', 2.4400542409924295)	('>100', 3.8626666791314364)	('>500', 1.0561315920045584)	('>1k', 2.0520348763939067)	('>5k', 1.0401759298754456)	('>10k+', 16.889097620727007)
SRR14240766_1	(1.0, 23.693960225266878)	(2.0, 12.94555105521333)	(3.0, 7.7890139100986495)	(4.0, 4.620177289362963)	(5.0, 3.1472705458239423)	(6.0, 2.2220077728451235)	(7.0, 1.736031873357354)	(8.0, 1.478052246038457)	(9.0, 1.1930377646156816)	('>10', 11.578994157411628)	('>50', 2.591970254767022)	('>100', 4.055707046842819)	('>500', 1.262759344770973)	('>1k', 2.6794915410490567)	('>5k', 1.2084147193307007)	('>10k+', 17.79756025320539)
SRR14240766_2	(1.0, 29.416862109339075)	(2.0, 14.67421102554848)	(3.0, 8.330555079613152)	(4.0, 4.645485585456368)	(5.0, 2.8781516586137412)	(6.0, 1.943688564863722)	(7.0, 1.5266761016253068)	(8.0, 1.1243322794825)	(9.0, 0.9803762234128395)	('>10', 8.601905261994101)	('>50', 2.007209817872252)	('>100', 3.0369417386978728)	('>500', 0.8783865559147466)	('>1k', 2.0697910863921307)	('>5k', 1.298400985614203)	('>10k+', 16.58702592555932)
SRR14240767_1	(1.0, 31.292872076238034)	(2.0, 12.675251519067517)	(3.0, 7.037604230791601)	(4.0, 4.274519100651248)	(5.0, 3.1330508856834536)	(6.0, 2.2514655694152967)	(7.0, 1.7874796408208375)	(8.0, 1.4605688541329336)	(9.0, 1.1987077282986662)	('>10', 12.233667323799958)	('>50', 2.6867453616286165)	('>100', 3.7887856473581567)	('>500', 1.1082876054958688)	('>1k', 2.3695354415545693)	('>5k', 1.005037787442104)	('>10k+', 11.696421227621025)
SRR14240767_2	(1.0, 41.400209375029526)	(2.0, 13.433586278312209)	(3.0, 6.766030943495471)	(4.0, 3.8891436951059366)	(5.0, 2.538651803809228)	(6.0, 1.871171363488049)	(7.0, 1.3593260927409774)	(8.0, 1.1122197558799376)	(9.0, 0.908320400398774)	('>10', 8.229681983144049)	('>50', 1.7184193499102995)	('>100', 2.5616949115745595)	('>500', 0.7439330125758233)	('>1k', 1.9897166884641646)	('>5k', 1.1256696321674913)	('>10k+', 10.352224713903562)
SRR14240768_1	(1.0, 29.87975450682352)	(2.0, 10.976510519841606)	(3.0, 5.489282309231458)	(4.0, 3.421172493137602)	(5.0, 2.35228157853245)	(6.0, 1.7204062783809384)	(7.0, 1.3085196114110245)	(8.0, 1.0679628864478212)	(9.0, 0.955669676776215)	('>10', 9.049312626212549)	('>50', 2.1156516828816345)	('>100', 3.5772155867634567)	('>500', 1.2336329728082094)	('>1k', 3.3747379089785303)	('>5k', 1.4317527811947628)	('>10k+', 22.046136580578263)
SRR14240768_2	(1.0, 40.59035692504307)	(2.0, 11.251276430376068)	(3.0, 4.853016618158828)	(4.0, 2.689102578944015)	(5.0, 1.6641813930873062)	(6.0, 1.1973833542460595)	(7.0, 0.9238936199818928)	(8.0, 0.7402364600088777)	(9.0, 0.5873659456548483)	('>10', 5.8790729745076895)	('>50', 1.6715320480463578)	('>100', 2.842733855403522)	('>500', 1.1537424135218866)	('>1k', 2.8779498513996336)	('>5k', 1.7179117295496367)	('>10k+', 19.360243802070507)
SRR14240769_1	(1.0, 25.466801651637056)	(2.0, 11.934591022722211)	(3.0, 6.633427419655648)	(4.0, 4.292725912033887)	(5.0, 2.871956142623967)	(6.0, 2.229067081386772)	(7.0, 1.7166228826082812)	(8.0, 1.4215357395344481)	(9.0, 1.201930661611782)	('>10', 12.011161315515274)	('>50', 2.6615038973848404)	('>100', 4.0564857296293795)	('>500', 1.1591478811259817)	('>1k', 2.413946718567105)	('>5k', 1.0678417401716989)	('>10k+', 18.861254203791553)
SRR14240769_2	(1.0, 34.97598869062765)	(2.0, 13.108283958880355)	(3.0, 6.888564714717996)	(4.0, 3.9694798887255045)	(5.0, 2.622483056154554)	(6.0, 1.7915348836645326)	(7.0, 1.3952232838265586)	(8.0, 1.1027484766596691)	(9.0, 0.8547874868143001)	('>10', 8.292805539344393)	('>50', 1.9176287360736315)	('>100', 3.074804935819297)	('>500', 0.8598797105215957)	('>1k', 1.7755879656715254)	('>5k', 0.9717047804438979)	('>10k+', 16.398493892054475)
SRR14240770_1	(1.0, 16.962359957278547)	(2.0, 11.251673662914435)	(3.0, 9.10578835794044)	(4.0, 6.341294012356126)	(5.0, 4.354404815237635)	(6.0, 3.2257102625609733)	(7.0, 2.3866748213597218)	(8.0, 1.9055265360849498)	(9.0, 1.598065642879558)	('>10', 15.019279155885782)	('>50', 3.3697980114828443)	('>100', 4.773495519149224)	('>500', 1.2245503270169944)	('>1k', 2.8691336389391244)	('>5k', 1.1938823794008018)	('>10k+', 14.418362899513081)
SRR14240770_2	(1.0, 25.34122245577302)	(2.0, 13.638279971623277)	(3.0, 10.573889941681797)	(4.0, 6.9942645842730915)	(5.0, 4.401617867976694)	(6.0, 3.0291213578695175)	(7.0, 2.12919727560143)	(8.0, 1.6259749917828688)	(9.0, 1.2989487050371065)	('>10', 9.938659995791358)	('>50', 1.978701170913031)	('>100', 2.960057828774702)	('>500', 1.0346900830729147)	('>1k', 2.6335492120572948)	('>5k', 1.4617990762592177)	('>10k+', 10.960025481512846)
SRR14240771_1	(1.0, 20.41444637588146)	(2.0, 14.183403118639943)	(3.0, 10.141865333954602)	(4.0, 6.455086499217273)	(5.0, 4.07789414954083)	(6.0, 2.8392743367439817)	(7.0, 2.079720217346843)	(8.0, 1.5958011352385022)	(9.0, 1.2829940592301998)	('>10', 10.762341786288962)	('>50', 2.079419966900952)	('>100', 3.1697572473098763)	('>500', 1.18195963673593)	('>1k', 3.4329841963290897)	('>5k', 1.697661627414852)	('>10k+', 14.60539031322669)
SRR14240771_2	(1.0, 26.02381965451725)	(2.0, 15.815596146799859)	(3.0, 11.024905893960327)	(4.0, 6.588618162804806)	(5.0, 4.066755645127961)	(6.0, 2.599638698971617)	(7.0, 1.7581405291673518)	(8.0, 1.3239908691012223)	(9.0, 0.9596442648979124)	('>10', 7.90154909737332)	('>50', 1.5208969926802276)	('>100', 2.686266878541747)	('>500', 1.3699967742830594)	('>1k', 3.446878940187691)	('>5k', 1.9526059963249285)	('>10k+', 10.960695455260796)
SRR14240772_1	(1.0, 21.385861152748834)	(2.0, 11.667948157911663)	(3.0, 6.834583714118884)	(4.0, 4.091209659262757)	(5.0, 2.688650804054919)	(6.0, 1.9626470197491377)	(7.0, 1.5155416375803543)	(8.0, 1.2322236897924266)	(9.0, 1.0396022776910014)	('>10', 10.196310158647208)	('>50', 2.5253947777231267)	('>100', 4.122748711254647)	('>500', 1.4635057703337653)	('>1k', 3.096627603994989)	('>5k', 1.4962734012683194)	('>10k+', 24.680871463867927)
SRR14240772_2	(1.0, 31.333244576621983)	(2.0, 11.787288965866145)	(3.0, 6.546831639224653)	(4.0, 3.685668514312114)	(5.0, 2.277099489669615)	(6.0, 1.6938050473937896)	(7.0, 1.1792404428446612)	(8.0, 0.9958215229832846)	(9.0, 0.8001208383087228)	('>10', 7.7317408006600665)	('>50', 2.039283270999274)	('>100', 3.426834084289692)	('>500', 1.1422279655169907)	('>1k', 2.658583990358342)	('>5k', 1.5805820805488198)	('>10k+', 21.12162677040181)
SRR14240773_1	(1.0, 29.588884173208523)	(2.0, 13.913412061335281)	(3.0, 7.583578232153706)	(4.0, 4.612440484669744)	(5.0, 3.1938944655957444)	(6.0, 2.3407781846302615)	(7.0, 1.8596148408039532)	(8.0, 1.4390325429440254)	(9.0, 1.2434117775823597)	('>10', 12.0996366002215)	('>50', 2.4716439342937946)	('>100', 3.4129110684164763)	('>500', 1.0572111843750691)	('>1k', 2.296019063092327)	('>5k', 1.1972544524285473)	('>10k+', 11.690276934248718)
SRR14240773_2	(1.0, 40.88041387183392)	(2.0, 13.997389131861857)	(3.0, 7.244302402276675)	(4.0, 3.9712078736413505)	(5.0, 2.630802139045145)	(6.0, 1.8821234941005411)	(7.0, 1.4684348427972675)	(8.0, 1.1305718925899084)	(9.0, 0.9494914259569687)	('>10', 8.15878965323223)	('>50', 1.6720140197729425)	('>100', 2.421086107712246)	('>500', 0.7918007785374546)	('>1k', 2.119537219162972)	('>5k', 1.2380802522972068)	('>10k+', 9.443954895181315)
SRR14240774_1	(1.0, 33.534752205448)	(2.0, 11.397773617412197)	(3.0, 4.9803890718712935)	(4.0, 2.8746094659934585)	(5.0, 1.8666475803688451)	(6.0, 1.3813380333906693)	(7.0, 1.0659383023310405)	(8.0, 0.882443237423232)	(9.0, 0.6944369492130016)	('>10', 6.7342812025229275)	('>50', 1.7053802770773476)	('>100', 3.288947617380905)	('>500', 1.236541456626637)	('>1k', 3.6930788119731996)	('>5k', 2.262909942579186)	('>10k+', 22.400532228388144)
SRR14240774_2	(1.0, 40.40981596970084)	(2.0, 11.600712816912205)	(3.0, 4.66370439035472)	(4.0, 2.363240452496384)	(5.0, 1.5080330153983341)	(6.0, 1.0176553630580656)	(7.0, 0.8230789264606119)	(8.0, 0.6649815590613593)	(9.0, 0.5561684276114358)	('>10', 5.4346762358439005)	('>50', 1.3441617796641006)	('>100', 2.647473338389266)	('>500', 1.122149018245584)	('>1k', 3.9136014844713434)	('>5k', 2.6498725997539014)	('>10k+', 19.280674622577955)
SRR14240775_1	(1.0, 20.758542057884487)	(2.0, 12.001583897403352)	(3.0, 7.280043689618173)	(4.0, 4.56179888651291)	(5.0, 3.0685351273247776)	(6.0, 2.2995943084535506)	(7.0, 1.7684003911229134)	(8.0, 1.439718347912477)	(9.0, 1.2100045563714772)	('>10', 12.140620296551436)	('>50', 2.9438652576669977)	('>100', 4.330885911698966)	('>500', 1.298986264112172)	('>1k', 2.7380230956763327)	('>5k', 1.5107797799094267)	('>10k+', 20.648618131780324)
SRR14240775_2	(1.0, 28.758420070984492)	(2.0, 12.470840734240902)	(3.0, 7.272698349317458)	(4.0, 4.431863397829352)	(5.0, 2.8176241107831967)	(6.0, 2.0155155700893643)	(7.0, 1.4708640033704132)	(8.0, 1.2407812942561298)	(9.0, 0.9781499920292687)	('>10', 9.627225319349423)	('>50', 2.3237595161863687)	('>100', 3.5069969305397617)	('>500', 0.9442466471636012)	('>1k', 2.3927702001261744)	('>5k', 1.631483236340336)	('>10k+', 18.116760627393738)
SRR14240776_1	(1.0, 33.139098344015)	(2.0, 13.273684296379903)	(3.0, 6.918570116885466)	(4.0, 4.4574161459848485)	(5.0, 3.1233003413366895)	(6.0, 2.3327457536989114)	(7.0, 1.8238667804046724)	(8.0, 1.4742547618038435)	(9.0, 1.259258042161135)	('>10', 11.596758096687184)	('>50', 2.269685498735797)	('>100', 3.1304442135569266)	('>500', 0.7977029933439039)	('>1k', 1.9532601170497945)	('>5k', 1.0952638602346978)	('>10k+', 11.354690637721312)
SRR14240776_2	(1.0, 40.91341204017032)	(2.0, 13.948225676484613)	(3.0, 7.014457959770038)	(4.0, 4.132879023607122)	(5.0, 2.677201889707525)	(6.0, 1.9497288688487744)	(7.0, 1.4695053452691338)	(8.0, 1.1958890897116776)	(9.0, 0.9464368533593152)	('>10', 8.204322094084167)	('>50', 1.6747623563008331)	('>100', 2.0392869553741764)	('>500', 0.6322737778926456)	('>1k', 1.7677324295855446)	('>5k', 0.8893524766758506)	('>10k+', 10.544533163158103)
SRR14240777_1	(1.0, 28.798038391839594)	(2.0, 13.912869237827236)	(3.0, 7.880756416602985)	(4.0, 4.86627693159831)	(5.0, 3.343547975660652)	(6.0, 2.4580445945659197)	(7.0, 1.9175352352267103)	(8.0, 1.6890362636122007)	(9.0, 1.3158434239140315)	('>10', 12.983920541394555)	('>50', 2.6574281856746933)	('>100', 3.473375960654416)	('>500', 0.9052943243846265)	('>1k', 2.1610587124272027)	('>5k', 1.1406654350915746)	('>10k+', 10.496308369525366)
SRR14240777_2	(1.0, 35.27650024457862)	(2.0, 15.303014970874523)	(3.0, 8.192976983791073)	(4.0, 4.895256090039086)	(5.0, 3.1403525371280083)	(6.0, 2.2080171025463473)	(7.0, 1.7879205065617563)	(8.0, 1.364608533034858)	(9.0, 1.0982563100311906)	('>10', 9.793852909877335)	('>50', 1.8276104198494105)	('>100', 2.350517998525966)	('>500', 0.7145895431101148)	('>1k', 1.9340048725666767)	('>5k', 1.2399440661476584)	('>10k+', 8.872576911337246)
SRR14240778_1	(1.0, 27.637598307113965)	(2.0, 13.20952581379163)	(3.0, 7.1730093049737045)	(4.0, 4.279425185645615)	(5.0, 2.960181309935588)	(6.0, 2.1674086729452235)	(7.0, 1.6237906885838274)	(8.0, 1.342389378652103)	(9.0, 1.1318629405705805)	('>10', 10.173003098458928)	('>50', 2.0779413919414633)	('>100', 3.0556566969074557)	('>500', 1.0261524058760942)	('>1k', 2.725468290156746)	('>5k', 1.55832800615877)	('>10k+', 17.858258508288397)
SRR14240778_2	(1.0, 36.08924244498709)	(2.0, 14.072869083747566)	(3.0, 7.301000776087904)	(4.0, 3.964240466016956)	(5.0, 2.5214231358770984)	(6.0, 1.6974879305605726)	(7.0, 1.2701458318964765)	(8.0, 0.9200312650589413)	(9.0, 0.8062917859565382)	('>10', 7.016255638648314)	('>50', 1.5051132376899496)	('>100', 2.335393234315013)	('>500', 0.8389431522321762)	('>1k', 2.528704092503428)	('>5k', 1.5331621895035965)	('>10k+', 15.599695734918015)
SRR14240779_1	(1.0, 23.301657329603394)	(2.0, 11.361355735034886)	(3.0, 6.396990491926798)	(4.0, 4.045739323442102)	(5.0, 2.9430305937029515)	(6.0, 2.164772956973985)	(7.0, 1.7646386418407969)	(8.0, 1.4095419893294925)	(9.0, 1.1681820251281676)	('>10', 12.871333763844477)	('>50', 3.1498619025791146)	('>100', 4.794654321811492)	('>500', 1.2576024880504353)	('>1k', 2.45868690384783)	('>5k', 1.1933354210714338)	('>10k+', 19.71861611181279)
SRR14240779_2	(1.0, 30.403486540014896)	(2.0, 12.329099408300193)	(3.0, 6.837433388742081)	(4.0, 4.116341104148423)	(5.0, 2.6378252464195096)	(6.0, 1.9704474282423903)	(7.0, 1.561739494418406)	(8.0, 1.2584757980625723)	(9.0, 1.028963992388709)	('>10', 10.263523566085391)	('>50', 2.476905662811204)	('>100', 3.2055117778020623)	('>500', 0.7931156245352211)	('>1k', 2.003607117299142)	('>5k', 1.2488616539194541)	('>10k+', 17.864662196810162)
SRR14240780_1	(1.0, 21.392498812020026)	(2.0, 12.576676396676792)	(3.0, 8.163287693205639)	(4.0, 5.211088896721061)	(5.0, 3.532809479012062)	(6.0, 2.605863993383075)	(7.0, 1.9965062508431337)	(8.0, 1.7358019131541793)	(9.0, 1.3814536797462338)	('>10', 14.140350212233328)	('>50', 3.4004418938420247)	('>100', 4.64204628899901)	('>500', 1.3368832219695759)	('>1k', 2.635367513722105)	('>5k', 1.3362050999193873)	('>10k+', 13.91271865455222)
SRR14240780_2	(1.0, 32.44571580134353)	(2.0, 13.32079555429967)	(3.0, 8.277501082640129)	(4.0, 5.027620256141168)	(5.0, 3.1858889382680777)	(6.0, 2.2799927282420405)	(7.0, 1.7969545641141098)	(8.0, 1.3427859835681133)	(9.0, 1.1490741232910058)	('>10', 10.501903027922625)	('>50', 2.2753815312726977)	('>100', 3.1057549624202507)	('>500', 0.9634525271057733)	('>1k', 1.9573603613919615)	('>5k', 1.2305282924766694)	('>10k+', 11.139290265502183)
SRR14240781_1	(1.0, 22.921189108413405)	(2.0, 12.26137769416939)	(3.0, 7.170167332268193)	(4.0, 4.280518273332323)	(5.0, 3.0143765888559693)	(6.0, 2.1164757399671177)	(7.0, 1.7292015530650684)	(8.0, 1.4078195039858117)	(9.0, 1.1364205665054672)	('>10', 11.817453326533638)	('>50', 2.9825752243051045)	('>100', 4.535549935762229)	('>500', 1.3842614243475784)	('>1k', 3.1563342971919996)	('>5k', 1.6846064388533741)	('>10k+', 18.401672992443387)
SRR14240781_2	(1.0, 30.831375686234875)	(2.0, 13.714136201155425)	(3.0, 7.579261449818493)	(4.0, 4.300830391752899)	(5.0, 2.7357201091593626)	(6.0, 1.8896888275437753)	(7.0, 1.4777192162855144)	(8.0, 1.227687902129742)	(9.0, 0.9910830049773469)	('>10', 9.609089331463508)	('>50', 2.274219391550999)	('>100', 3.3054393073373474)	('>500', 1.0567380766607493)	('>1k', 2.8980848074497683)	('>5k', 1.7621930154929453)	('>10k+', 14.34673328098725)
SRR14240782_1	(1.0, 19.903069433940974)	(2.0, 11.345694569907561)	(3.0, 6.846176555330094)	(4.0, 4.35805055891488)	(5.0, 3.0015083800850477)	(6.0, 2.2681462922936704)	(7.0, 1.7386804310750352)	(8.0, 1.4143834337482282)	(9.0, 1.1934151338471632)	('>10', 13.295611393605803)	('>50', 3.519373978222428)	('>100', 5.589024060677003)	('>500', 1.748256003996785)	('>1k', 3.4165847108457417)	('>5k', 1.708186056879631)	('>10k+', 18.653839006629912)
SRR14240782_2	(1.0, 26.302652241780862)	(2.0, 12.97087071999503)	(3.0, 7.823333492121153)	(4.0, 4.535246698887973)	(5.0, 3.0248581616477925)	(6.0, 2.146957678180825)	(7.0, 1.560797637004667)	(8.0, 1.2472559294247467)	(9.0, 1.033199597325328)	('>10', 10.644939663192812)	('>50', 2.640998451668549)	('>100', 4.014162614290473)	('>500', 1.2589610575011425)	('>1k', 2.886923054029637)	('>5k', 1.6427181527837305)	('>10k+', 16.266124850165415)
SRR14240783_1	(1.0, 27.927385207680082)	(2.0, 12.376047322969619)	(3.0, 6.985422899015665)	(4.0, 4.553791348500378)	(5.0, 3.245636240726851)	(6.0, 2.590938252297843)	(7.0, 1.9446105659800137)	(8.0, 1.61701810709509)	(9.0, 1.3865336210898336)	('>10', 13.854646730602324)	('>50', 3.0892741831404678)	('>100', 4.111307998269533)	('>500', 1.1495426139796194)	('>1k', 2.4693233932803387)	('>5k', 1.1651890276917285)	('>10k+', 11.533332487680635)
SRR14240783_2	(1.0, 34.18711076504242)	(2.0, 14.572169970972634)	(3.0, 7.892486544993312)	(4.0, 4.620674114392641)	(5.0, 3.0696647914655726)	(6.0, 2.2102360140255866)	(7.0, 1.6577686337660262)	(8.0, 1.367002973598302)	(9.0, 1.118302815917711)	('>10', 10.094619143583712)	('>50', 1.9640511486577596)	('>100', 2.6108988750003927)	('>500', 0.8064224002494041)	('>1k', 2.2558618024772112)	('>5k', 1.2140855672653939)	('>10k+', 10.358644438592023)
SRR14240784_1	(1.0, 19.026492293672938)	(2.0, 12.355888335689217)	(3.0, 9.130290771156204)	(4.0, 5.947876446968894)	(5.0, 4.008558119665629)	(6.0, 2.770614067602134)	(7.0, 2.071394720813947)	(8.0, 1.6012033840810604)	(9.0, 1.3746569682696643)	('>10', 14.2280032992681)	('>50', 3.514208309724619)	('>100', 5.4659273373304265)	('>500', 1.7023328738864534)	('>1k', 3.347351535507986)	('>5k', 1.332415508935897)	('>10k+', 12.122786027427093)
SRR14240784_2	(1.0, 26.431405252323803)	(2.0, 13.472352057523802)	(3.0, 9.544645385368714)	(4.0, 6.042288606030121)	(5.0, 3.8253637240224005)	(6.0, 2.5889468251597587)	(7.0, 1.8407706318834163)	(8.0, 1.5402578588945373)	(9.0, 1.2506145504756196)	('>10', 11.310143201651101)	('>50', 2.5955899614232583)	('>100', 4.239394826976672)	('>500', 1.4004447781503517)	('>1k', 2.734745337092565)	('>5k', 1.293246969417541)	('>10k+', 9.88979003360654)
SRR14240785_1	(1.0, 25.445677466248963)	(2.0, 8.298611783160325)	(3.0, 4.183122620292014)	(4.0, 2.2909183945412774)	(5.0, 1.5595653095558106)	(6.0, 1.1038213747786878)	(7.0, 0.9067993209048386)	(8.0, 0.681146266490046)	(9.0, 0.6024273386060904)	('>10', 6.478543148664502)	('>50', 1.8288000455786348)	('>100', 3.167379887412844)	('>500', 1.1981785676721453)	('>1k', 3.3366196929160643)	('>5k', 1.718415560199529)	('>10k+', 37.19997322297831)
SRR14240785_2	(1.0, 35.121518028323486)	(2.0, 8.433830409792012)	(3.0, 3.9685163610504945)	(4.0, 2.1239193621734467)	(5.0, 1.4229685397191558)	(6.0, 0.9875804251208915)	(7.0, 0.7344960776189726)	(8.0, 0.6129891682364468)	(9.0, 0.5155833107280794)	('>10', 5.892245210989154)	('>50', 1.7817524525725368)	('>100', 2.834573549135983)	('>500', 0.9472457203028865)	('>1k', 3.1162610538141906)	('>5k', 2.049762795586257)	('>10k+', 29.456757534836086)
SRR14240786_1	(1.0, 25.086941824215064)	(2.0, 11.591765549280904)	(3.0, 6.654217760582802)	(4.0, 4.287997747872238)	(5.0, 2.9462948943264644)	(6.0, 2.288836370176039)	(7.0, 1.9104242033851921)	(8.0, 1.5240681936451272)	(9.0, 1.3473682124023914)	('>10', 14.558523085393407)	('>50', 3.7475288414963344)	('>100', 5.609257099714535)	('>500', 1.5943407575174053)	('>1k', 2.86739787500361)	('>5k', 1.35049298295075)	('>10k+', 12.63454460203798)
SRR14240786_2	(1.0, 32.90966090344452)	(2.0, 12.817752979537774)	(3.0, 6.952407066796466)	(4.0, 4.263457569572921)	(5.0, 2.842489242527119)	(6.0, 2.1127353539511873)	(7.0, 1.6846334248738868)	(8.0, 1.327207292015289)	(9.0, 1.1297944428378865)	('>10', 11.444405643916248)	('>50', 2.720815190607796)	('>100', 3.8739964404990266)	('>500', 1.1549646235003395)	('>1k', 2.3908149183383838)	('>5k', 1.1716657170138798)	('>10k+', 11.203199190567076)
SRR14240787_1	(1.0, 23.471362808203644)	(2.0, 10.057535382978845)	(3.0, 5.71394297088127)	(4.0, 3.8313268832134444)	(5.0, 2.82262383195774)	(6.0, 2.102339610639129)	(7.0, 1.7269852044351213)	(8.0, 1.5091679830353846)	(9.0, 1.1710101347368098)	('>10', 14.483155915304025)	('>50', 4.031844626922982)	('>100', 6.047157291775306)	('>500', 1.7688624939229318)	('>1k', 2.998077905593232)	('>5k', 1.2378601596793322)	('>10k+', 17.02674679672125)
SRR14240787_2	(1.0, 32.49328049924941)	(2.0, 11.003899534533854)	(3.0, 6.020893959003202)	(4.0, 3.6891910143389497)	(5.0, 2.5549407843421825)	(6.0, 1.995652906467998)	(7.0, 1.52817772990313)	(8.0, 1.309727883905717)	(9.0, 1.075499578870526)	('>10', 11.371554850481672)	('>50', 2.874048749290174)	('>100', 4.272591570123758)	('>500', 1.040028071204942)	('>1k', 2.2221250220969506)	('>5k', 1.092575121678957)	('>10k+', 15.455812724508569)
SRR14240788_1	(1.0, 22.728994032324827)	(2.0, 10.720972782316537)	(3.0, 5.620917340564109)	(4.0, 3.4940715643510507)	(5.0, 2.2893651326781623)	(6.0, 1.6835820435406108)	(7.0, 1.31092056830554)	(8.0, 1.1306600948089063)	(9.0, 0.9566542307595554)	('>10', 9.825934075647455)	('>50', 2.5525085320569194)	('>100', 4.2311012951933185)	('>500', 1.5245629678925)	('>1k', 3.5294743080727975)	('>5k', 1.9559383003619042)	('>10k+', 26.444342731125907)
SRR14240788_2	(1.0, 30.536075561237357)	(2.0, 11.767399548207363)	(3.0, 5.8290745330035305)	(4.0, 3.210764559787781)	(5.0, 2.118771691400907)	(6.0, 1.5609241821227222)	(7.0, 1.1514948295626473)	(8.0, 0.9082378249053981)	(9.0, 0.7649535102927835)	('>10', 7.663744300838195)	('>50', 2.0289747137967953)	('>100', 3.2691573396300346)	('>500', 1.1845907149502823)	('>1k', 3.258612280932468)	('>5k', 1.9373267802169192)	('>10k+', 22.80989762911472)
SRR14240789_1	(1.0, 12.870745554754889)	(2.0, 8.052752757066475)	(3.0, 5.646263719763364)	(4.0, 3.5031929525996244)	(5.0, 2.3337465157491795)	(6.0, 1.7022857209474613)	(7.0, 1.2638736944375215)	(8.0, 1.0401496165851074)	(9.0, 0.8880890286941931)	('>10', 9.613602294821083)	('>50', 2.764516893382847)	('>100', 4.4899894658115524)	('>500', 1.5736431741911958)	('>1k', 4.105051237955836)	('>5k', 2.3779793777173963)	('>10k+', 37.774117995522275)
SRR14240789_2	(1.0, 18.504458962355027)	(2.0, 8.813012920117885)	(3.0, 5.815329296319016)	(4.0, 3.674359997194755)	(5.0, 2.3748075589828765)	(6.0, 1.6872183466919588)	(7.0, 1.2534644646952875)	(8.0, 1.0273158283926382)	(9.0, 0.8873603402648345)	('>10', 9.00694070248678)	('>50', 2.453382376950842)	('>100', 3.912014523663067)	('>500', 1.3461614638587354)	('>1k', 3.8271364900084954)	('>5k', 2.544122583050446)	('>10k+', 32.87291414496729)
SRR14240790_1	(1.0, 23.145854095582028)	(2.0, 12.452502949138848)	(3.0, 7.311957059315308)	(4.0, 4.512661392874249)	(5.0, 3.0506739548727695)	(6.0, 2.091663402112552)	(7.0, 1.6768154722127462)	(8.0, 1.3679346080779589)	(9.0, 1.1434964348521608)	('>10', 10.770774560269558)	('>50', 2.5735735554390833)	('>100', 4.0605637838158)	('>500', 1.3747979056682653)	('>1k', 2.8012166461411776)	('>5k', 1.280431034130697)	('>10k+', 20.38508314549684)
SRR14240790_2	(1.0, 31.478741572482644)	(2.0, 14.211071041877114)	(3.0, 7.716618345650909)	(4.0, 4.2551748783789405)	(5.0, 2.61161210835448)	(6.0, 1.8254459533976586)	(7.0, 1.3325494112770482)	(8.0, 1.0016584025825341)	(9.0, 0.8102474194029987)	('>10', 7.672271241435581)	('>50', 1.9108340661571601)	('>100', 3.035691450242215)	('>500', 1.0330318404409031)	('>1k', 2.4611970425801712)	('>5k', 1.4928547240318784)	('>10k+', 17.151000501707916)
SRR14240791_1	(1.0, 18.861733374262897)	(2.0, 10.197692168364195)	(3.0, 6.34454819592624)	(4.0, 3.9446052735294708)	(5.0, 2.731913566607569)	(6.0, 2.0880071718518973)	(7.0, 1.6247142707793065)	(8.0, 1.4222348788607817)	(9.0, 1.1945593014258447)	('>10', 13.534893057497971)	('>50', 3.8059941943324835)	('>100', 5.9821278712281085)	('>500', 1.7607705784898924)	('>1k', 2.9774165203484633)	('>5k', 1.3630709400539374)	('>10k+', 22.165718636441227)
SRR14240791_2	(1.0, 27.227165232439994)	(2.0, 11.84712901888341)	(3.0, 7.068177663267532)	(4.0, 4.130022460449114)	(5.0, 2.875479698563326)	(6.0, 2.05989608387262)	(7.0, 1.5138417081004498)	(8.0, 1.2666242140704058)	(9.0, 1.0798132633056412)	('>10', 10.677466874672758)	('>50', 2.7716249284786483)	('>100', 3.886950443238798)	('>500', 1.0211288519870385)	('>1k', 2.351493095322987)	('>5k', 1.5195423685898621)	('>10k+', 18.70364409475726)
SRR14240792_1	(1.0, 19.346407751817544)	(2.0, 12.115489332541083)	(3.0, 8.123621469833433)	(4.0, 4.801007940294496)	(5.0, 3.2760852609564983)	(6.0, 2.377096563657023)	(7.0, 1.7781221778759948)	(8.0, 1.4301414194080844)	(9.0, 1.1552696113843028)	('>10', 11.208765438543763)	('>50', 2.320278266485317)	('>100', 3.426690499025252)	('>500', 1.0579465667123333)	('>1k', 2.5954502031374656)	('>5k', 1.183897301683526)	('>10k+', 23.803730196643897)
SRR14240792_2	(1.0, 34.054667978565774)	(2.0, 14.28978025352802)	(3.0, 8.67856294892961)	(4.0, 4.939973416646357)	(5.0, 3.1278779398612815)	(6.0, 2.050021118720233)	(7.0, 1.5735837835648308)	(8.0, 1.120428423285201)	(9.0, 0.9634208000684865)	('>10', 8.43684083883077)	('>50', 1.9766149295980373)	('>100', 3.1358932985739734)	('>500', 0.9928948530920797)	('>1k', 2.662915519560461)	('>5k', 1.534503093269302)	('>10k+', 10.462020803905721)
SRR14240793_1	(1.0, 27.135950876678887)	(2.0, 11.977470575236342)	(3.0, 6.795553820978499)	(4.0, 4.290390899221124)	(5.0, 3.058792018118363)	(6.0, 2.287061033724043)	(7.0, 1.7968615148238851)	(8.0, 1.5437863318120792)	(9.0, 1.2661034850848887)	('>10', 12.202778865713125)	('>50', 2.736219145618001)	('>100', 3.8390782900042804)	('>500', 1.1950585393157143)	('>1k', 2.63302484251788)	('>5k', 1.3755653061146507)	('>10k+', 15.866304455038172)
SRR14240793_2	(1.0, 36.03804666276251)	(2.0, 12.811449139261889)	(3.0, 6.822498455921328)	(4.0, 4.026810104924246)	(5.0, 2.6391012555681574)	(6.0, 1.87218640655795)	(7.0, 1.4503825457796422)	(8.0, 1.1452046767106772)	(9.0, 0.9033046450027474)	('>10', 8.71109171252478)	('>50', 1.826878386133942)	('>100', 2.969796260541707)	('>500', 1.0770789219088328)	('>1k', 2.180910526923001)	('>5k', 1.2857545605733052)	('>10k+', 14.239505738905184)
SRR14240794_1	(1.0, 23.301843249683454)	(2.0, 8.851567029191072)	(3.0, 4.7021626008504676)	(4.0, 2.7279382635879235)	(5.0, 1.8800330690210227)	(6.0, 1.3175511165180276)	(7.0, 1.067579087471005)	(8.0, 0.889046990544805)	(9.0, 0.7106722485134539)	('>10', 8.216356281648661)	('>50', 2.2472899004834823)	('>100', 3.884023997988284)	('>500', 1.3845257488018303)	('>1k', 3.680554412525034)	('>5k', 2.1664157577689966)	('>10k+', 32.97244024540286)
SRR14240794_2	(1.0, 33.87130733329774)	(2.0, 8.821325383816122)	(3.0, 4.5887212054139335)	(4.0, 2.586660564072493)	(5.0, 1.6025706280487675)	(6.0, 1.2081663141254437)	(7.0, 0.8743387366960816)	(8.0, 0.777571382330914)	(9.0, 0.597828598719522)	('>10', 7.100461246132619)	('>50', 2.05500457674207)	('>100', 3.0329903805923792)	('>500', 1.0448485771496452)	('>1k', 3.474589412621052)	('>5k', 2.3882681373220382)	('>10k+', 25.975347522919318)
SRR14240795_1	(1.0, 18.657111453085882)	(2.0, 9.215448784822744)	(3.0, 5.24702004609221)	(4.0, 3.120088061798204)	(5.0, 2.1690078967730506)	(6.0, 1.5765107587584946)	(7.0, 1.2937869785344356)	(8.0, 1.07815890784051)	(9.0, 0.9527440996807788)	('>10', 10.061546991536728)	('>50', 3.096968837050185)	('>100', 5.67721781493297)	('>500', 1.916543584554093)	('>1k', 3.665151342166511)	('>5k', 1.5742453827747547)	('>10k+', 30.69844905959838)
SRR14240795_2	(1.0, 24.520214160655527)	(2.0, 9.859119234109881)	(3.0, 5.266488229525417)	(4.0, 2.9840427535717153)	(5.0, 2.0591553730061114)	(6.0, 1.4989308847006877)	(7.0, 1.149772528139365)	(8.0, 0.9251886684929181)	(9.0, 0.7906469234896447)	('>10', 8.771421415222452)	('>50', 2.797320684507591)	('>100', 4.887054037215394)	('>500', 1.4103229692085062)	('>1k', 2.8772821630873797)	('>5k', 1.2878274507706564)	('>10k+', 28.91521252429714)
SRR14240796_1	(1.0, 26.35875971460559)	(2.0, 12.457900294014838)	(3.0, 6.7854377161700565)	(4.0, 3.9916973814937395)	(5.0, 2.697963929125863)	(6.0, 1.9755649543566807)	(7.0, 1.6034866937378)	(8.0, 1.1727463232168511)	(9.0, 1.0726362029319325)	('>10', 10.56196275052908)	('>50', 2.4619226750000522)	('>100', 3.8592266869373795)	('>500', 1.2631591913734206)	('>1k', 2.966606159773168)	('>5k', 1.62206474155315)	('>10k+', 19.148864585180362)
SRR14240796_2	(1.0, 33.246639146364366)	(2.0, 13.134000806741163)	(3.0, 6.663048999530083)	(4.0, 3.8151619402426196)	(5.0, 2.488269682706879)	(6.0, 1.798339407102267)	(7.0, 1.3560442003843347)	(8.0, 1.0426496781984491)	(9.0, 0.871083519513213)	('>10', 8.239437303584136)	('>50', 1.9288086615000528)	('>100', 3.035135468684018)	('>500', 0.9241090354790846)	('>1k', 2.4117377630669754)	('>5k', 1.641398757435155)	('>10k+', 17.404135629467323)
SRR14240797_1	(1.0, 18.239347438442994)	(2.0, 10.334344003979968)	(3.0, 6.607798427222876)	(4.0, 4.203477272950914)	(5.0, 2.8918686269796154)	(6.0, 2.0980978015983465)	(7.0, 1.7440250396803458)	(8.0, 1.4147206593566577)	(9.0, 1.174853321131944)	('>10', 12.607765522991023)	('>50', 3.2043070180526865)	('>100', 4.819402271892535)	('>500', 1.5092251947492796)	('>1k', 3.3377904254771567)	('>5k', 1.4547200913429705)	('>10k+', 24.358256884150705)
SRR14240797_2	(1.0, 26.112420959107645)	(2.0, 11.092360647305176)	(3.0, 6.8378722495009745)	(4.0, 4.2354598320949535)	(5.0, 2.773441199936321)	(6.0, 2.0104892785392887)	(7.0, 1.601336289053834)	(8.0, 1.2646885472067049)	(9.0, 1.0089184823172923)	('>10', 9.857353072160075)	('>50', 2.3692139664797205)	('>100', 3.756367609404867)	('>500', 1.193290022202353)	('>1k', 2.5811201131341805)	('>5k', 1.4676882575597217)	('>10k+', 21.837979473996967)
SRR14240798_1	(1.0, 33.785643045953506)	(2.0, 8.183527341802455)	(3.0, 4.302348773364686)	(4.0, 2.742788178823766)	(5.0, 1.9557894643631588)	(6.0, 1.567276329327898)	(7.0, 1.2550436873249922)	(8.0, 1.0916920189445822)	(9.0, 0.8705596215236456)	('>10', 10.159591887692306)	('>50', 2.7961612858887754)	('>100', 4.398762165179249)	('>500', 1.3886738184353928)	('>1k', 3.0280779743994657)	('>5k', 1.5991136033839406)	('>10k+', 20.87495080359224)
SRR14240798_2	(1.0, 41.86029782189176)	(2.0, 8.106025882999218)	(3.0, 4.012613700648187)	(4.0, 2.352696497632252)	(5.0, 1.723425762170278)	(6.0, 1.3083681149712378)	(7.0, 1.060744216157141)	(8.0, 0.9165972288038867)	(9.0, 0.7831028202366768)	('>10', 8.345528419866099)	('>50', 2.3040025798455965)	('>100', 3.2393540311569353)	('>500', 0.9794463660584415)	('>1k', 2.4856021975811884)	('>5k', 1.388642052496107)	('>10k+', 19.133552307484983)
