.	Basic Statistics	Per Base Sequence Quality	Per Tile Sequence Quality	Per Sequence Quality Scores	Per Base Sequence Content	Per Sequence GC Content	Per Base N Content	Sequence Length Distribution	Sequence Duplication Levels	Overrepresented Sequences	Adapter Content
SRR14240730_1	1	1	1	1	0.25	0.25	1	0.5	0.25	0.25	1
SRR14240730_2	1	1	1	1	0.5	0.25	1	0.5	0.25	0.5	1
SRR14240731_1	1	1	1	1	0.25	0.25	1	0.5	0.25	0.25	1
SRR14240731_2	1	1	1	1	0.5	0.25	1	0.5	0.25	0.5	1
SRR14240732_1	1	1	1	1	0.25	0.25	1	0.5	0.25	0.25	1
SRR14240732_2	1	1	1	1	0.25	0.25	1	0.5	0.25	0.5	1
SRR14240733_1	1	1	1	1	0.25	0.25	1	0.5	0.25	0.25	1
SRR14240733_2	1	1	1	1	0.25	0.25	1	0.5	0.25	0.5	1
SRR14240734_1	1	1	1	1	0.25	0.25	1	0.5	0.25	0.25	1
SRR14240734_2	1	1	1	1	0.5	0.25	1	0.5	0.25	0.5	1
SRR14240735_1	1	1	1	1	0.25	0.25	1	0.5	0.25	0.25	1
SRR14240735_2	1	1	1	1	0.5	0.25	1	0.5	0.25	0.5	1
SRR14240736_1	1	1	1	1	0.25	0.25	1	0.5	0.25	0.25	1
SRR14240736_2	1	1	1	1	0.5	0.25	1	0.5	0.25	0.5	1
SRR14240737_1	1	1	1	1	0.25	0.25	1	0.5	0.25	0.25	1
SRR14240737_2	1	1	1	1	0.5	0.25	1	0.5	0.25	0.5	1
SRR14240738_1	1	1	1	1	0.25	0.25	1	0.5	0.25	0.25	1
SRR14240738_2	1	1	1	1	0.5	0.25	1	0.5	0.25	0.5	1
SRR14240739_1	1	1	1	1	0.25	0.25	1	0.5	0.25	0.25	1
SRR14240739_2	1	1	1	1	0.5	0.25	1	0.5	0.25	0.5	1
SRR14240740_1	1	1	1	1	0.25	0.25	1	0.5	0.25	0.25	1
SRR14240740_2	1	1	1	1	0.5	0.25	1	0.5	0.25	0.5	1
SRR14240741_1	1	1	1	1	0.25	0.25	1	0.5	0.25	0.25	1
SRR14240741_2	1	1	1	1	0.25	0.25	1	0.5	0.25	0.5	1
SRR14240742_1	1	1	1	1	0.25	0.5	1	0.5	0.5	0.5	1
SRR14240742_2	1	1	1	1	0.25	0.5	1	0.5	0.5	0.5	1
SRR14240743_1	1	1	1	1	0.25	0.25	1	0.5	0.25	0.25	1
SRR14240743_2	1	1	1	1	0.5	0.25	1	0.5	0.25	0.5	1
SRR14240744_1	1	1	1	1	0.25	0.25	1	0.5	0.25	0.25	1
SRR14240744_2	1	1	1	1	0.5	0.25	1	0.5	0.25	0.5	1
SRR14240745_1	1	1	1	1	0.25	0.25	1	0.5	0.25	0.25	1
SRR14240745_2	1	1	1	1	0.25	0.25	1	0.5	0.25	0.5	1
SRR14240746_1	1	1	1	1	0.25	0.25	1	0.5	0.25	0.25	1
SRR14240746_2	1	1	1	1	0.5	0.25	1	0.5	0.25	0.5	1
SRR14240747_1	1	1	1	1	0.25	0.25	1	0.5	0.25	0.25	1
SRR14240747_2	1	1	1	1	0.25	0.25	1	0.5	0.25	0.5	1
SRR14240748_1	1	1	1	1	0.25	0.25	1	0.5	0.25	0.25	1
SRR14240748_2	1	1	1	1	0.5	0.25	1	0.5	0.25	0.5	1
SRR14240749_1	1	1	1	1	0.25	0.25	1	0.5	0.25	0.25	1
SRR14240749_2	1	1	1	1	0.25	0.25	1	0.5	0.25	0.5	1
SRR14240750_1	1	1	1	1	0.25	0.25	1	0.5	0.25	0.25	1
SRR14240750_2	1	1	1	1	0.5	0.25	1	0.5	0.25	0.5	1
SRR14240751_1	1	1	1	1	0.25	0.25	0.5	0.5	0.25	0.25	1
SRR14240751_2	1	1	1	1	0.5	0.25	1	0.5	0.25	0.5	0.5
SRR14240752_1	1	1	1	1	0.25	0.25	1	0.5	0.25	0.25	1
SRR14240752_2	1	1	1	1	0.25	0.25	1	0.5	0.25	0.5	1
SRR14240753_1	1	1	1	1	0.25	0.25	1	0.5	0.25	0.25	1
SRR14240753_2	1	1	1	1	0.25	0.25	1	0.5	0.5	0.5	1
SRR14240754_1	1	1	1	1	0.25	0.25	0.5	0.5	0.25	0.25	1
SRR14240754_2	1	1	1	1	0.5	0.25	1	0.5	0.25	0.5	0.5
SRR14240755_1	1	1	1	1	0.25	0.25	1	0.5	0.25	0.25	1
SRR14240755_2	1	1	1	1	0.5	0.25	1	0.5	0.25	0.5	1
SRR14240756_1	1	1	1	1	0.25	0.25	1	0.5	0.25	0.25	1
SRR14240756_2	1	1	1	1	0.5	0.25	1	0.5	0.5	0.5	1
SRR14240757_1	1	1	1	1	0.25	0.25	1	0.5	0.25	0.25	1
SRR14240757_2	1	1	1	1	0.5	0.25	1	0.5	0.25	0.5	0.5
SRR14240758_1	1	1	1	1	0.25	0.25	1	0.5	0.25	0.25	1
SRR14240758_2	1	1	1	1	0.25	0.25	1	0.5	0.25	0.5	1
SRR14240759_1	1	1	1	1	0.25	0.25	1	0.5	0.25	0.25	1
SRR14240759_2	1	1	1	1	0.25	0.25	1	0.5	0.5	0.5	1
SRR14240760_1	1	1	1	1	0.25	0.25	1	0.5	0.25	0.25	1
SRR14240760_2	1	1	1	1	0.5	0.25	1	0.5	0.25	0.5	1
SRR14240761_1	1	1	1	1	0.25	0.25	0.5	0.5	0.25	0.25	1
SRR14240761_2	1	1	1	1	0.5	0.25	1	0.5	0.25	0.5	0.5
SRR14240762_1	1	1	1	1	0.25	0.25	1	0.5	0.25	0.25	1
SRR14240762_2	1	1	1	1	0.25	0.25	1	0.5	0.25	0.5	1
SRR14240763_1	1	1	1	1	0.25	0.25	1	0.5	0.25	0.25	1
SRR14240763_2	1	1	1	1	0.5	0.25	1	0.5	0.5	0.5	1
SRR14240764_1	1	1	1	1	0.25	0.25	1	0.5	0.25	0.25	1
SRR14240764_2	1	1	1	1	0.25	0.25	1	0.5	0.25	0.5	1
SRR14240765_1	1	1	1	1	0.25	0.25	1	0.5	0.25	0.25	1
SRR14240765_2	1	1	1	1	0.25	0.25	1	0.5	0.25	0.5	1
SRR14240766_1	1	1	1	1	0.25	0.25	1	0.5	0.25	0.25	1
SRR14240766_2	1	1	1	1	0.25	0.25	1	0.5	0.25	0.5	1
SRR14240767_1	1	1	1	1	0.25	0.25	1	0.5	0.25	0.25	1
SRR14240767_2	1	1	1	1	0.25	0.25	1	0.5	0.5	0.5	1
SRR14240768_1	1	1	1	1	0.25	0.25	1	0.5	0.25	0.25	1
SRR14240768_2	1	1	1	1	0.25	0.25	1	0.5	0.25	0.5	1
SRR14240769_1	1	1	1	1	0.25	0.25	1	0.5	0.25	0.25	1
SRR14240769_2	1	1	1	1	0.25	0.25	1	0.5	0.25	0.5	1
SRR14240770_1	1	1	1	1	0.25	0.25	1	0.5	0.25	0.25	1
SRR14240770_2	1	1	1	1	0.25	0.25	1	0.5	0.25	0.5	1
SRR14240771_1	1	1	1	1	0.25	0.25	1	0.5	0.25	0.25	1
SRR14240771_2	1	1	1	1	0.25	0.25	1	0.5	0.25	0.5	1
SRR14240772_1	1	1	1	1	0.25	0.25	1	0.5	0.25	0.25	1
SRR14240772_2	1	1	1	1	0.5	0.25	1	0.5	0.25	0.5	1
SRR14240773_1	1	1	1	1	0.25	0.25	1	0.5	0.25	0.25	1
SRR14240773_2	1	1	1	1	0.25	0.25	1	0.5	0.5	0.5	1
SRR14240774_1	1	1	1	1	0.25	0.25	1	0.5	0.25	0.25	1
SRR14240774_2	1	1	1	1	0.25	0.25	1	0.5	0.25	0.5	1
SRR14240775_1	1	1	1	1	0.25	0.25	1	0.5	0.25	0.25	1
SRR14240775_2	1	1	1	1	0.5	0.25	1	0.5	0.25	0.5	1
SRR14240776_1	1	1	1	1	0.25	0.25	1	0.5	0.25	0.25	1
SRR14240776_2	1	1	1	1	0.25	0.25	1	0.5	0.5	0.5	1
SRR14240777_1	1	1	1	1	0.25	0.25	1	0.5	0.25	0.25	1
SRR14240777_2	1	1	1	1	0.5	0.25	1	0.5	0.25	0.5	1
SRR14240778_1	1	1	1	1	0.25	0.25	1	0.5	0.25	0.25	1
SRR14240778_2	1	1	1	1	0.25	0.25	1	0.5	0.25	0.5	1
SRR14240779_1	1	1	1	1	0.25	0.25	1	0.5	0.25	0.25	1
SRR14240779_2	1	1	1	1	0.5	0.25	1	0.5	0.25	0.5	1
SRR14240780_1	1	1	1	1	0.25	0.25	1	0.5	0.25	0.25	1
SRR14240780_2	1	1	1	1	0.5	0.25	1	0.5	0.25	0.5	1
SRR14240781_1	1	1	1	1	0.25	0.25	1	0.5	0.25	0.25	1
SRR14240781_2	1	1	1	1	0.5	0.25	1	0.5	0.25	0.5	1
SRR14240782_1	1	1	1	1	0.25	0.25	1	0.5	0.25	0.25	1
SRR14240782_2	1	1	1	1	0.5	0.25	1	0.5	0.25	0.5	1
SRR14240783_1	1	1	1	1	0.25	0.25	1	0.5	0.25	0.25	1
SRR14240783_2	1	1	1	1	0.25	0.25	1	0.5	0.25	0.5	1
SRR14240784_1	1	1	1	1	0.25	0.25	1	0.5	0.25	0.25	1
SRR14240784_2	1	1	1	1	0.5	0.25	1	0.5	0.25	0.5	1
SRR14240785_1	1	1	1	1	0.25	0.25	0.5	0.5	0.25	0.25	1
SRR14240785_2	1	1	1	1	0.25	0.25	1	0.5	0.25	0.5	0.5
SRR14240786_1	1	1	1	1	0.25	0.25	1	0.5	0.25	0.25	1
SRR14240786_2	1	1	1	1	0.25	0.25	1	0.5	0.25	0.5	1
SRR14240787_1	1	1	1	1	0.25	0.25	1	0.5	0.25	0.25	1
SRR14240787_2	1	1	1	1	0.25	0.25	1	0.5	0.25	0.5	1
SRR14240788_1	1	1	1	1	0.25	0.25	1	0.5	0.25	0.25	1
SRR14240788_2	1	1	1	1	0.5	0.25	1	0.5	0.25	0.5	1
SRR14240789_1	1	1	1	1	0.25	0.25	1	0.5	0.25	0.25	1
SRR14240789_2	1	1	1	1	0.5	0.25	1	0.5	0.25	0.5	1
SRR14240790_1	1	1	1	1	0.25	0.25	1	0.5	0.25	0.25	1
SRR14240790_2	1	1	1	1	0.25	0.25	1	0.5	0.25	0.5	1
SRR14240791_1	1	1	1	1	0.25	0.25	1	0.5	0.25	0.25	1
SRR14240791_2	1	1	1	1	0.25	0.25	1	0.5	0.25	0.5	1
SRR14240792_1	1	1	1	1	0.25	0.25	0.5	0.5	0.25	0.25	1
SRR14240792_2	1	1	1	1	0.25	0.25	1	0.5	0.25	0.5	0.25
SRR14240793_1	1	1	1	1	0.25	0.25	1	0.5	0.25	0.25	1
SRR14240793_2	1	1	1	1	0.25	0.25	1	0.5	0.25	0.5	1
SRR14240794_1	1	1	1	1	0.25	0.25	0.5	0.5	0.25	0.25	1
SRR14240794_2	1	1	1	1	0.25	0.25	1	0.5	0.25	0.5	0.5
SRR14240795_1	1	1	1	1	0.25	0.25	1	0.5	0.25	0.25	1
SRR14240795_2	1	1	1	1	0.5	0.25	1	0.5	0.25	0.5	1
SRR14240796_1	1	1	1	1	0.25	0.25	1	0.5	0.25	0.25	1
SRR14240796_2	1	1	1	1	0.5	0.25	1	0.5	0.25	0.5	1
SRR14240797_1	1	1	1	1	0.25	0.25	1	0.5	0.25	0.25	1
SRR14240797_2	1	1	1	1	0.5	0.25	1	0.5	0.25	0.5	1
SRR14240798_1	1	1	1	1	0.25	0.25	1	0.5	0.25	0.25	1
SRR14240798_2	1	1	1	1	0.5	0.25	1	0.5	0.25	0.5	1
