Sample	0	1	2	3	4	5	6	7	8	9	10	11	12	13	14	15	16	17	18	19	20	21	22	23	24	25	26	27	28	29	30	31	32	33	34	35
SRR14240730_1	(2.0, 1162814.0)	(3.0, 0.0)	(4.0, 0.0)	(5.0, 0.0)	(6.0, 0.0)	(7.0, 0.0)	(8.0, 0.0)	(9.0, 0.0)	(10.0, 0.0)	(11.0, 0.0)	(12.0, 0.0)	(13.0, 2.0)	(14.0, 10.0)	(15.0, 59.0)	(16.0, 215.0)	(17.0, 625.0)	(18.0, 1445.0)	(19.0, 2903.0)	(20.0, 5754.0)	(21.0, 11074.0)	(22.0, 18814.0)	(23.0, 31694.0)	(24.0, 51514.0)	(25.0, 82412.0)	(26.0, 128076.0)	(27.0, 197214.0)	(28.0, 283088.0)	(29.0, 398442.0)	(30.0, 527773.0)	(31.0, 690895.0)	(32.0, 872551.0)	(33.0, 1183374.0)	(34.0, 1796505.0)	(35.0, 4084689.0)	(36.0, 48773545.0)	(37.0, 18843444.0)
SRR14240730_2	(2.0, 11477.0)	(3.0, 0.0)	(4.0, 0.0)	(5.0, 0.0)	(6.0, 0.0)	(7.0, 0.0)	(8.0, 0.0)	(9.0, 1.0)	(10.0, 0.0)	(11.0, 232.0)	(12.0, 11593.0)	(13.0, 69523.0)	(14.0, 124113.0)	(15.0, 110125.0)	(16.0, 77183.0)	(17.0, 59904.0)	(18.0, 56700.0)	(19.0, 67185.0)	(20.0, 92214.0)	(21.0, 137631.0)	(22.0, 199300.0)	(23.0, 260480.0)	(24.0, 320873.0)	(25.0, 425052.0)	(26.0, 523970.0)	(27.0, 444329.0)	(28.0, 336188.0)	(29.0, 352517.0)	(30.0, 433088.0)	(31.0, 573042.0)	(32.0, 774476.0)	(33.0, 1161739.0)	(34.0, 2037114.0)	(35.0, 5906590.0)	(36.0, 50749795.0)	(37.0, 13832497.0)
SRR14240731_1	(2.0, 619737.0)	(3.0, 0.0)	(4.0, 0.0)	(5.0, 0.0)	(6.0, 0.0)	(7.0, 0.0)	(8.0, 0.0)	(9.0, 0.0)	(10.0, 0.0)	(11.0, 0.0)	(12.0, 0.0)	(13.0, 0.0)	(14.0, 21.0)	(15.0, 116.0)	(16.0, 298.0)	(17.0, 873.0)	(18.0, 1785.0)	(19.0, 3586.0)	(20.0, 6598.0)	(21.0, 12726.0)	(22.0, 22344.0)	(23.0, 37412.0)	(24.0, 59565.0)	(25.0, 97527.0)	(26.0, 153706.0)	(27.0, 240148.0)	(28.0, 349582.0)	(29.0, 498817.0)	(30.0, 666108.0)	(31.0, 875280.0)	(32.0, 1112530.0)	(33.0, 1518613.0)	(34.0, 2344387.0)	(35.0, 5602318.0)	(36.0, 64210623.0)	(37.0, 18769145.0)
SRR14240731_2	(2.0, 9461.0)	(3.0, 0.0)	(4.0, 0.0)	(5.0, 0.0)	(6.0, 0.0)	(7.0, 0.0)	(8.0, 0.0)	(9.0, 0.0)	(10.0, 0.0)	(11.0, 423.0)	(12.0, 20067.0)	(13.0, 111543.0)	(14.0, 179792.0)	(15.0, 157552.0)	(16.0, 108358.0)	(17.0, 80322.0)	(18.0, 71273.0)	(19.0, 79003.0)	(20.0, 103555.0)	(21.0, 149196.0)	(22.0, 205849.0)	(23.0, 257247.0)	(24.0, 283521.0)	(25.0, 317117.0)	(26.0, 361174.0)	(27.0, 412426.0)	(28.0, 450717.0)	(29.0, 516663.0)	(30.0, 617139.0)	(31.0, 800575.0)	(32.0, 1082354.0)	(33.0, 1634539.0)	(34.0, 2951930.0)	(35.0, 9056927.0)	(36.0, 64726109.0)	(37.0, 12459013.0)
SRR14240732_1	(2.0, 954273.0)	(3.0, 0.0)	(4.0, 0.0)	(5.0, 0.0)	(6.0, 0.0)	(7.0, 0.0)	(8.0, 0.0)	(9.0, 0.0)	(10.0, 0.0)	(11.0, 0.0)	(12.0, 1.0)	(13.0, 0.0)	(14.0, 8.0)	(15.0, 47.0)	(16.0, 146.0)	(17.0, 430.0)	(18.0, 976.0)	(19.0, 1988.0)	(20.0, 4119.0)	(21.0, 8193.0)	(22.0, 15004.0)	(23.0, 26696.0)	(24.0, 46251.0)	(25.0, 77892.0)	(26.0, 128340.0)	(27.0, 200379.0)	(28.0, 292643.0)	(29.0, 413097.0)	(30.0, 549010.0)	(31.0, 720031.0)	(32.0, 916290.0)	(33.0, 1248045.0)	(34.0, 1923383.0)	(35.0, 4589107.0)	(36.0, 51250418.0)	(37.0, 17286523.0)
SRR14240732_2	(2.0, 6548.0)	(3.0, 0.0)	(4.0, 0.0)	(5.0, 0.0)	(6.0, 0.0)	(7.0, 0.0)	(8.0, 0.0)	(9.0, 0.0)	(10.0, 0.0)	(11.0, 232.0)	(12.0, 13763.0)	(13.0, 78811.0)	(14.0, 129884.0)	(15.0, 118385.0)	(16.0, 86932.0)	(17.0, 66116.0)	(18.0, 59737.0)	(19.0, 68171.0)	(20.0, 88895.0)	(21.0, 129716.0)	(22.0, 184099.0)	(23.0, 240281.0)	(24.0, 294393.0)	(25.0, 379053.0)	(26.0, 453691.0)	(27.0, 417643.0)	(28.0, 345654.0)	(29.0, 368043.0)	(30.0, 454333.0)	(31.0, 604767.0)	(32.0, 820942.0)	(33.0, 1230872.0)	(34.0, 2169929.0)	(35.0, 6445995.0)	(36.0, 52927457.0)	(37.0, 12468948.0)
SRR14240733_1	(2.0, 748697.0)	(3.0, 0.0)	(4.0, 0.0)	(5.0, 0.0)	(6.0, 0.0)	(7.0, 0.0)	(8.0, 0.0)	(9.0, 0.0)	(10.0, 0.0)	(11.0, 0.0)	(12.0, 0.0)	(13.0, 2.0)	(14.0, 2.0)	(15.0, 25.0)	(16.0, 85.0)	(17.0, 258.0)	(18.0, 689.0)	(19.0, 1538.0)	(20.0, 3174.0)	(21.0, 6309.0)	(22.0, 11514.0)	(23.0, 19255.0)	(24.0, 31981.0)	(25.0, 53467.0)	(26.0, 88429.0)	(27.0, 143029.0)	(28.0, 216931.0)	(29.0, 314881.0)	(30.0, 426334.0)	(31.0, 564696.0)	(32.0, 722927.0)	(33.0, 986382.0)	(34.0, 1510935.0)	(35.0, 3533426.0)	(36.0, 42418187.0)	(37.0, 14643583.0)
SRR14240733_2	(2.0, 3115.0)	(3.0, 0.0)	(4.0, 0.0)	(5.0, 0.0)	(6.0, 0.0)	(7.0, 0.0)	(8.0, 0.0)	(9.0, 0.0)	(10.0, 0.0)	(11.0, 266.0)	(12.0, 11341.0)	(13.0, 65583.0)	(14.0, 108092.0)	(15.0, 96788.0)	(16.0, 67653.0)	(17.0, 50690.0)	(18.0, 46292.0)	(19.0, 53398.0)	(20.0, 71320.0)	(21.0, 103771.0)	(22.0, 147236.0)	(23.0, 188363.0)	(24.0, 228336.0)	(25.0, 285558.0)	(26.0, 359937.0)	(27.0, 368414.0)	(28.0, 323690.0)	(29.0, 337528.0)	(30.0, 415716.0)	(31.0, 552716.0)	(32.0, 757132.0)	(33.0, 1149036.0)	(34.0, 2065078.0)	(35.0, 6203724.0)	(36.0, 43537976.0)	(37.0, 8847987.0)
SRR14240734_1	(2.0, 1747650.0)	(3.0, 0.0)	(4.0, 0.0)	(5.0, 0.0)	(6.0, 0.0)	(7.0, 0.0)	(8.0, 0.0)	(9.0, 0.0)	(10.0, 0.0)	(11.0, 0.0)	(12.0, 0.0)	(13.0, 1.0)	(14.0, 14.0)	(15.0, 102.0)	(16.0, 317.0)	(17.0, 790.0)	(18.0, 1874.0)	(19.0, 3921.0)	(20.0, 7956.0)	(21.0, 15887.0)	(22.0, 28095.0)	(23.0, 47571.0)	(24.0, 78002.0)	(25.0, 128906.0)	(26.0, 203613.0)	(27.0, 316932.0)	(28.0, 460636.0)	(29.0, 650063.0)	(30.0, 869543.0)	(31.0, 1142087.0)	(32.0, 1450043.0)	(33.0, 1968418.0)	(34.0, 2990219.0)	(35.0, 6829492.0)	(36.0, 82346007.0)	(37.0, 31273937.0)
SRR14240734_2	(2.0, 7357.0)	(3.0, 0.0)	(4.0, 0.0)	(5.0, 0.0)	(6.0, 0.0)	(7.0, 0.0)	(8.0, 0.0)	(9.0, 0.0)	(10.0, 0.0)	(11.0, 498.0)	(12.0, 25750.0)	(13.0, 144625.0)	(14.0, 233934.0)	(15.0, 201809.0)	(16.0, 142970.0)	(17.0, 111096.0)	(18.0, 106148.0)	(19.0, 127392.0)	(20.0, 171094.0)	(21.0, 245012.0)	(22.0, 330087.0)	(23.0, 409318.0)	(24.0, 482961.0)	(25.0, 612675.0)	(26.0, 784508.0)	(27.0, 851193.0)	(28.0, 771025.0)	(29.0, 777199.0)	(30.0, 905616.0)	(31.0, 1166164.0)	(32.0, 1560550.0)	(33.0, 2342408.0)	(34.0, 4297227.0)	(35.0, 13740008.0)	(36.0, 87496246.0)	(37.0, 14517206.0)
SRR14240735_1	(2.0, 1411523.0)	(3.0, 0.0)	(4.0, 0.0)	(5.0, 0.0)	(6.0, 0.0)	(7.0, 0.0)	(8.0, 0.0)	(9.0, 0.0)	(10.0, 0.0)	(11.0, 0.0)	(12.0, 1.0)	(13.0, 3.0)	(14.0, 8.0)	(15.0, 79.0)	(16.0, 245.0)	(17.0, 796.0)	(18.0, 1764.0)	(19.0, 4036.0)	(20.0, 8583.0)	(21.0, 17353.0)	(22.0, 30394.0)	(23.0, 53229.0)	(24.0, 89720.0)	(25.0, 150306.0)	(26.0, 236516.0)	(27.0, 359680.0)	(28.0, 512862.0)	(29.0, 713723.0)	(30.0, 944950.0)	(31.0, 1237087.0)	(32.0, 1569592.0)	(33.0, 2119837.0)	(34.0, 3200938.0)	(35.0, 7260967.0)	(36.0, 88048866.0)	(37.0, 33649160.0)
SRR14240735_2	(2.0, 2390.0)	(3.0, 0.0)	(4.0, 0.0)	(5.0, 0.0)	(6.0, 0.0)	(7.0, 0.0)	(8.0, 0.0)	(9.0, 0.0)	(10.0, 0.0)	(11.0, 341.0)	(12.0, 19612.0)	(13.0, 116099.0)	(14.0, 198091.0)	(15.0, 180969.0)	(16.0, 128217.0)	(17.0, 98263.0)	(18.0, 91777.0)	(19.0, 108826.0)	(20.0, 150264.0)	(21.0, 222809.0)	(22.0, 309103.0)	(23.0, 380756.0)	(24.0, 429788.0)	(25.0, 503881.0)	(26.0, 635648.0)	(27.0, 736234.0)	(28.0, 697601.0)	(29.0, 689114.0)	(30.0, 791540.0)	(31.0, 1034312.0)	(32.0, 1399598.0)	(33.0, 2088154.0)	(34.0, 3654062.0)	(35.0, 10730670.0)	(36.0, 93716587.0)	(37.0, 22507512.0)
SRR14240736_1	(2.0, 2552605.0)	(3.0, 0.0)	(4.0, 0.0)	(5.0, 0.0)	(6.0, 0.0)	(7.0, 0.0)	(8.0, 0.0)	(9.0, 0.0)	(10.0, 0.0)	(11.0, 0.0)	(12.0, 0.0)	(13.0, 0.0)	(14.0, 7.0)	(15.0, 52.0)	(16.0, 167.0)	(17.0, 577.0)	(18.0, 1383.0)	(19.0, 3033.0)	(20.0, 6074.0)	(21.0, 12351.0)	(22.0, 22282.0)	(23.0, 37986.0)	(24.0, 61625.0)	(25.0, 100452.0)	(26.0, 155854.0)	(27.0, 237235.0)	(28.0, 337704.0)	(29.0, 471365.0)	(30.0, 625603.0)	(31.0, 819309.0)	(32.0, 1033624.0)	(33.0, 1395204.0)	(34.0, 2111784.0)	(35.0, 4767935.0)	(36.0, 57420890.0)	(37.0, 22913000.0)
SRR14240736_2	(2.0, 13505.0)	(3.0, 0.0)	(4.0, 0.0)	(5.0, 0.0)	(6.0, 0.0)	(7.0, 0.0)	(8.0, 0.0)	(9.0, 0.0)	(10.0, 0.0)	(11.0, 222.0)	(12.0, 11836.0)	(13.0, 76442.0)	(14.0, 140365.0)	(15.0, 132373.0)	(16.0, 99746.0)	(17.0, 83771.0)	(18.0, 83834.0)	(19.0, 99775.0)	(20.0, 133821.0)	(21.0, 196144.0)	(22.0, 275849.0)	(23.0, 359006.0)	(24.0, 438973.0)	(25.0, 587807.0)	(26.0, 799259.0)	(27.0, 844151.0)	(28.0, 638749.0)	(29.0, 500428.0)	(30.0, 523730.0)	(31.0, 663246.0)	(32.0, 882288.0)	(33.0, 1303506.0)	(34.0, 2269603.0)	(35.0, 6720347.0)	(36.0, 61533571.0)	(37.0, 15675754.0)
SRR14240737_1	(2.0, 2574746.0)	(3.0, 0.0)	(4.0, 0.0)	(5.0, 0.0)	(6.0, 0.0)	(7.0, 0.0)	(8.0, 0.0)	(9.0, 0.0)	(10.0, 0.0)	(11.0, 0.0)	(12.0, 0.0)	(13.0, 0.0)	(14.0, 13.0)	(15.0, 53.0)	(16.0, 218.0)	(17.0, 582.0)	(18.0, 1403.0)	(19.0, 3160.0)	(20.0, 6394.0)	(21.0, 12797.0)	(22.0, 22992.0)	(23.0, 39449.0)	(24.0, 65847.0)	(25.0, 110729.0)	(26.0, 175817.0)	(27.0, 273357.0)	(28.0, 391617.0)	(29.0, 549458.0)	(30.0, 732746.0)	(31.0, 959797.0)	(32.0, 1217779.0)	(33.0, 1648902.0)	(34.0, 2502377.0)	(35.0, 5681646.0)	(36.0, 68662637.0)	(37.0, 25499973.0)
SRR14240737_2	(2.0, 15544.0)	(3.0, 0.0)	(4.0, 0.0)	(5.0, 0.0)	(6.0, 0.0)	(7.0, 0.0)	(8.0, 0.0)	(9.0, 0.0)	(10.0, 0.0)	(11.0, 261.0)	(12.0, 12232.0)	(13.0, 74998.0)	(14.0, 136284.0)	(15.0, 129037.0)	(16.0, 95272.0)	(17.0, 79006.0)	(18.0, 78917.0)	(19.0, 96668.0)	(20.0, 130166.0)	(21.0, 189085.0)	(22.0, 262411.0)	(23.0, 338412.0)	(24.0, 412423.0)	(25.0, 529604.0)	(26.0, 749819.0)	(27.0, 962314.0)	(28.0, 868842.0)	(29.0, 691902.0)	(30.0, 691114.0)	(31.0, 868661.0)	(32.0, 1163369.0)	(33.0, 1733385.0)	(34.0, 3082239.0)	(35.0, 9418540.0)	(36.0, 73001088.0)	(37.0, 15322896.0)
SRR14240738_1	(2.0, 2684940.0)	(3.0, 0.0)	(4.0, 0.0)	(5.0, 0.0)	(6.0, 0.0)	(7.0, 0.0)	(8.0, 0.0)	(9.0, 0.0)	(10.0, 0.0)	(11.0, 0.0)	(12.0, 0.0)	(13.0, 0.0)	(14.0, 9.0)	(15.0, 52.0)	(16.0, 208.0)	(17.0, 610.0)	(18.0, 1468.0)	(19.0, 3439.0)	(20.0, 7217.0)	(21.0, 14093.0)	(22.0, 24829.0)	(23.0, 42282.0)	(24.0, 67976.0)	(25.0, 111843.0)	(26.0, 178010.0)	(27.0, 276640.0)	(28.0, 401730.0)	(29.0, 565920.0)	(30.0, 752791.0)	(31.0, 982973.0)	(32.0, 1248595.0)	(33.0, 1687472.0)	(34.0, 2565664.0)	(35.0, 5930809.0)	(36.0, 70609235.0)	(37.0, 25182643.0)
SRR14240738_2	(2.0, 2235.0)	(3.0, 0.0)	(4.0, 0.0)	(5.0, 0.0)	(6.0, 0.0)	(7.0, 0.0)	(8.0, 0.0)	(9.0, 0.0)	(10.0, 0.0)	(11.0, 234.0)	(12.0, 13738.0)	(13.0, 84764.0)	(14.0, 149580.0)	(15.0, 141987.0)	(16.0, 105236.0)	(17.0, 82418.0)	(18.0, 79207.0)	(19.0, 95574.0)	(20.0, 130159.0)	(21.0, 194852.0)	(22.0, 281714.0)	(23.0, 383686.0)	(24.0, 522638.0)	(25.0, 808267.0)	(26.0, 1030403.0)	(27.0, 835122.0)	(28.0, 542151.0)	(29.0, 505186.0)	(30.0, 615002.0)	(31.0, 812607.0)	(32.0, 1105058.0)	(33.0, 1651369.0)	(34.0, 2876313.0)	(35.0, 8434171.0)	(36.0, 73859311.0)	(37.0, 17998466.0)
SRR14240739_1	(2.0, 1387578.0)	(3.0, 0.0)	(4.0, 0.0)	(5.0, 0.0)	(6.0, 0.0)	(7.0, 0.0)	(8.0, 0.0)	(9.0, 0.0)	(10.0, 0.0)	(11.0, 0.0)	(12.0, 0.0)	(13.0, 1.0)	(14.0, 4.0)	(15.0, 36.0)	(16.0, 142.0)	(17.0, 421.0)	(18.0, 1174.0)	(19.0, 2516.0)	(20.0, 5488.0)	(21.0, 10827.0)	(22.0, 19342.0)	(23.0, 33224.0)	(24.0, 54036.0)	(25.0, 87226.0)	(26.0, 136479.0)	(27.0, 210952.0)	(28.0, 307180.0)	(29.0, 436903.0)	(30.0, 585251.0)	(31.0, 769596.0)	(32.0, 980624.0)	(33.0, 1333444.0)	(34.0, 2023747.0)	(35.0, 4626644.0)	(36.0, 55489798.0)	(37.0, 21198681.0)
SRR14240739_2	(2.0, 4034.0)	(3.0, 0.0)	(4.0, 0.0)	(5.0, 0.0)	(6.0, 0.0)	(7.0, 0.0)	(8.0, 0.0)	(9.0, 0.0)	(10.0, 0.0)	(11.0, 247.0)	(12.0, 11021.0)	(13.0, 57435.0)	(14.0, 90669.0)	(15.0, 80438.0)	(16.0, 59602.0)	(17.0, 47620.0)	(18.0, 46415.0)	(19.0, 55421.0)	(20.0, 75820.0)	(21.0, 111451.0)	(22.0, 155279.0)	(23.0, 199491.0)	(24.0, 240560.0)	(25.0, 298763.0)	(26.0, 394574.0)	(27.0, 531903.0)	(28.0, 597080.0)	(29.0, 579507.0)	(30.0, 580436.0)	(31.0, 703184.0)	(32.0, 941306.0)	(33.0, 1417910.0)	(34.0, 2568148.0)	(35.0, 7948671.0)	(36.0, 59129185.0)	(37.0, 12775144.0)
SRR14240740_1	(2.0, 1317534.0)	(3.0, 0.0)	(4.0, 0.0)	(5.0, 0.0)	(6.0, 0.0)	(7.0, 0.0)	(8.0, 0.0)	(9.0, 0.0)	(10.0, 0.0)	(11.0, 0.0)	(12.0, 0.0)	(13.0, 2.0)	(14.0, 12.0)	(15.0, 94.0)	(16.0, 352.0)	(17.0, 1025.0)	(18.0, 2428.0)	(19.0, 5720.0)	(20.0, 11261.0)	(21.0, 20411.0)	(22.0, 32086.0)	(23.0, 52152.0)	(24.0, 84587.0)	(25.0, 132336.0)	(26.0, 196124.0)	(27.0, 290391.0)	(28.0, 404308.0)	(29.0, 558602.0)	(30.0, 732443.0)	(31.0, 947996.0)	(32.0, 1201975.0)	(33.0, 1648521.0)	(34.0, 2552592.0)	(35.0, 6041485.0)	(36.0, 63416017.0)	(37.0, 20426331.0)
SRR14240740_2	(2.0, 17534.0)	(3.0, 0.0)	(4.0, 0.0)	(5.0, 0.0)	(6.0, 0.0)	(7.0, 0.0)	(8.0, 0.0)	(9.0, 0.0)	(10.0, 0.0)	(11.0, 214.0)	(12.0, 9571.0)	(13.0, 62464.0)	(14.0, 111344.0)	(15.0, 108957.0)	(16.0, 86340.0)	(17.0, 75839.0)	(18.0, 77488.0)	(19.0, 93138.0)	(20.0, 119139.0)	(21.0, 165949.0)	(22.0, 221250.0)	(23.0, 276662.0)	(24.0, 314076.0)	(25.0, 376406.0)	(26.0, 445134.0)	(27.0, 518671.0)	(28.0, 554360.0)	(29.0, 598952.0)	(30.0, 667458.0)	(31.0, 819320.0)	(32.0, 1079023.0)	(33.0, 1597350.0)	(34.0, 2838400.0)	(35.0, 8734392.0)	(36.0, 65776718.0)	(37.0, 14330636.0)
SRR14240741_1	(2.0, 1875403.0)	(3.0, 0.0)	(4.0, 0.0)	(5.0, 0.0)	(6.0, 0.0)	(7.0, 0.0)	(8.0, 0.0)	(9.0, 0.0)	(10.0, 0.0)	(11.0, 0.0)	(12.0, 0.0)	(13.0, 0.0)	(14.0, 6.0)	(15.0, 39.0)	(16.0, 139.0)	(17.0, 452.0)	(18.0, 1092.0)	(19.0, 2359.0)	(20.0, 5109.0)	(21.0, 10427.0)	(22.0, 18895.0)	(23.0, 33889.0)	(24.0, 57585.0)	(25.0, 96848.0)	(26.0, 155695.0)	(27.0, 240466.0)	(28.0, 346948.0)	(29.0, 487672.0)	(30.0, 644875.0)	(31.0, 843241.0)	(32.0, 1067733.0)	(33.0, 1442993.0)	(34.0, 2189683.0)	(35.0, 5079959.0)	(36.0, 59317067.0)	(37.0, 20659209.0)
SRR14240741_2	(2.0, 16649.0)	(3.0, 0.0)	(4.0, 0.0)	(5.0, 0.0)	(6.0, 0.0)	(7.0, 0.0)	(8.0, 0.0)	(9.0, 0.0)	(10.0, 0.0)	(11.0, 518.0)	(12.0, 26934.0)	(13.0, 128486.0)	(14.0, 176626.0)	(15.0, 145737.0)	(16.0, 100906.0)	(17.0, 75471.0)	(18.0, 69201.0)	(19.0, 81002.0)	(20.0, 105664.0)	(21.0, 147779.0)	(22.0, 204427.0)	(23.0, 270646.0)	(24.0, 337818.0)	(25.0, 414969.0)	(26.0, 537346.0)	(27.0, 717860.0)	(28.0, 778731.0)	(29.0, 703216.0)	(30.0, 680052.0)	(31.0, 837002.0)	(32.0, 1128672.0)	(33.0, 1714682.0)	(34.0, 3172960.0)	(35.0, 10192561.0)	(36.0, 61634327.0)	(37.0, 10177542.0)
SRR14240742_1	(2.0, 248957.0)	(3.0, 0.0)	(4.0, 0.0)	(5.0, 0.0)	(6.0, 0.0)	(7.0, 0.0)	(8.0, 0.0)	(9.0, 0.0)	(10.0, 0.0)	(11.0, 0.0)	(12.0, 0.0)	(13.0, 0.0)	(14.0, 5.0)	(15.0, 23.0)	(16.0, 81.0)	(17.0, 204.0)	(18.0, 469.0)	(19.0, 1077.0)	(20.0, 2132.0)	(21.0, 4423.0)	(22.0, 7893.0)	(23.0, 14596.0)	(24.0, 24211.0)	(25.0, 41554.0)	(26.0, 67223.0)	(27.0, 106032.0)	(28.0, 155104.0)	(29.0, 219595.0)	(30.0, 292250.0)	(31.0, 382346.0)	(32.0, 486019.0)	(33.0, 662550.0)	(34.0, 1019918.0)	(35.0, 2400958.0)	(36.0, 27268360.0)	(37.0, 8150240.0)
SRR14240742_2	(2.0, 530.0)	(3.0, 0.0)	(4.0, 0.0)	(5.0, 0.0)	(6.0, 0.0)	(7.0, 0.0)	(8.0, 0.0)	(9.0, 0.0)	(10.0, 0.0)	(11.0, 109.0)	(12.0, 5920.0)	(13.0, 32800.0)	(14.0, 52023.0)	(15.0, 47249.0)	(16.0, 34060.0)	(17.0, 25976.0)	(18.0, 23247.0)	(19.0, 25968.0)	(20.0, 34123.0)	(21.0, 50183.0)	(22.0, 73189.0)	(23.0, 96531.0)	(24.0, 113972.0)	(25.0, 137028.0)	(26.0, 171737.0)	(27.0, 199081.0)	(28.0, 201178.0)	(29.0, 222246.0)	(30.0, 274712.0)	(31.0, 365609.0)	(32.0, 497603.0)	(33.0, 753892.0)	(34.0, 1361636.0)	(35.0, 4156634.0)	(36.0, 28121188.0)	(37.0, 4477796.0)
SRR14240743_1	(2.0, 455388.0)	(3.0, 0.0)	(4.0, 0.0)	(5.0, 0.0)	(6.0, 0.0)	(7.0, 0.0)	(8.0, 0.0)	(9.0, 0.0)	(10.0, 0.0)	(11.0, 0.0)	(12.0, 0.0)	(13.0, 2.0)	(14.0, 7.0)	(15.0, 40.0)	(16.0, 171.0)	(17.0, 453.0)	(18.0, 1036.0)	(19.0, 2305.0)	(20.0, 4719.0)	(21.0, 9229.0)	(22.0, 15806.0)	(23.0, 25830.0)	(24.0, 40637.0)	(25.0, 65351.0)	(26.0, 102203.0)	(27.0, 157729.0)	(28.0, 229827.0)	(29.0, 325381.0)	(30.0, 435040.0)	(31.0, 572319.0)	(32.0, 726870.0)	(33.0, 988069.0)	(34.0, 1500892.0)	(35.0, 3436696.0)	(36.0, 41782757.0)	(37.0, 15834286.0)
SRR14240743_2	(2.0, 6408.0)	(3.0, 0.0)	(4.0, 0.0)	(5.0, 0.0)	(6.0, 0.0)	(7.0, 0.0)	(8.0, 0.0)	(9.0, 0.0)	(10.0, 0.0)	(11.0, 113.0)	(12.0, 5737.0)	(13.0, 39612.0)	(14.0, 73597.0)	(15.0, 63695.0)	(16.0, 41721.0)	(17.0, 31643.0)	(18.0, 31013.0)	(19.0, 39407.0)	(20.0, 59080.0)	(21.0, 92536.0)	(22.0, 133147.0)	(23.0, 164803.0)	(24.0, 202192.0)	(25.0, 253610.0)	(26.0, 251102.0)	(27.0, 208990.0)	(28.0, 208576.0)	(29.0, 255991.0)	(30.0, 324473.0)	(31.0, 431137.0)	(32.0, 583436.0)	(33.0, 867321.0)	(34.0, 1508855.0)	(35.0, 4399897.0)	(36.0, 43664338.0)	(37.0, 12770613.0)
SRR14240744_1	(2.0, 1605373.0)	(3.0, 0.0)	(4.0, 0.0)	(5.0, 0.0)	(6.0, 0.0)	(7.0, 0.0)	(8.0, 0.0)	(9.0, 0.0)	(10.0, 0.0)	(11.0, 0.0)	(12.0, 0.0)	(13.0, 0.0)	(14.0, 19.0)	(15.0, 86.0)	(16.0, 309.0)	(17.0, 842.0)	(18.0, 1924.0)	(19.0, 4004.0)	(20.0, 8032.0)	(21.0, 15380.0)	(22.0, 26727.0)	(23.0, 45696.0)	(24.0, 75168.0)	(25.0, 123424.0)	(26.0, 193043.0)	(27.0, 298194.0)	(28.0, 426160.0)	(29.0, 599452.0)	(30.0, 790217.0)	(31.0, 1030036.0)	(32.0, 1306294.0)	(33.0, 1762983.0)	(34.0, 2685611.0)	(35.0, 6199378.0)	(36.0, 71258670.0)	(37.0, 25783254.0)
SRR14240744_2	(2.0, 8979.0)	(3.0, 0.0)	(4.0, 0.0)	(5.0, 0.0)	(6.0, 0.0)	(7.0, 0.0)	(8.0, 0.0)	(9.0, 0.0)	(10.0, 0.0)	(11.0, 147.0)	(12.0, 6974.0)	(13.0, 47162.0)	(14.0, 93124.0)	(15.0, 95207.0)	(16.0, 78179.0)	(17.0, 67478.0)	(18.0, 67429.0)	(19.0, 81735.0)	(20.0, 115852.0)	(21.0, 178460.0)	(22.0, 267086.0)	(23.0, 384865.0)	(24.0, 629622.0)	(25.0, 787459.0)	(26.0, 546766.0)	(27.0, 375655.0)	(28.0, 388676.0)	(29.0, 482963.0)	(30.0, 609793.0)	(31.0, 809001.0)	(32.0, 1096656.0)	(33.0, 1632146.0)	(34.0, 2830784.0)	(35.0, 8151192.0)	(36.0, 74904181.0)	(37.0, 19502705.0)
SRR14240745_1	(2.0, 1214526.0)	(3.0, 0.0)	(4.0, 0.0)	(5.0, 0.0)	(6.0, 0.0)	(7.0, 0.0)	(8.0, 0.0)	(9.0, 0.0)	(10.0, 0.0)	(11.0, 0.0)	(12.0, 0.0)	(13.0, 1.0)	(14.0, 7.0)	(15.0, 45.0)	(16.0, 149.0)	(17.0, 475.0)	(18.0, 1132.0)	(19.0, 2317.0)	(20.0, 4886.0)	(21.0, 9691.0)	(22.0, 17053.0)	(23.0, 28452.0)	(24.0, 47116.0)	(25.0, 78088.0)	(26.0, 122884.0)	(27.0, 188362.0)	(28.0, 271811.0)	(29.0, 383942.0)	(30.0, 514626.0)	(31.0, 671387.0)	(32.0, 857141.0)	(33.0, 1164894.0)	(34.0, 1774189.0)	(35.0, 4127994.0)	(36.0, 48942528.0)	(37.0, 17186367.0)
SRR14240745_2	(2.0, 23525.0)	(3.0, 0.0)	(4.0, 0.0)	(5.0, 0.0)	(6.0, 0.0)	(7.0, 0.0)	(8.0, 0.0)	(9.0, 0.0)	(10.0, 0.0)	(11.0, 377.0)	(12.0, 18942.0)	(13.0, 88352.0)	(14.0, 121385.0)	(15.0, 103587.0)	(16.0, 75191.0)	(17.0, 60683.0)	(18.0, 57927.0)	(19.0, 69089.0)	(20.0, 90400.0)	(21.0, 124893.0)	(22.0, 165885.0)	(23.0, 207294.0)	(24.0, 244472.0)	(25.0, 291360.0)	(26.0, 349304.0)	(27.0, 453202.0)	(28.0, 574747.0)	(29.0, 655559.0)	(30.0, 676828.0)	(31.0, 764272.0)	(32.0, 985499.0)	(33.0, 1494773.0)	(34.0, 2800005.0)	(35.0, 8869267.0)	(36.0, 50102096.0)	(37.0, 8141149.0)
SRR14240746_1	(2.0, 806565.0)	(3.0, 0.0)	(4.0, 0.0)	(5.0, 0.0)	(6.0, 0.0)	(7.0, 0.0)	(8.0, 0.0)	(9.0, 0.0)	(10.0, 0.0)	(11.0, 0.0)	(12.0, 0.0)	(13.0, 0.0)	(14.0, 9.0)	(15.0, 92.0)	(16.0, 261.0)	(17.0, 760.0)	(18.0, 1677.0)	(19.0, 3491.0)	(20.0, 7228.0)	(21.0, 13364.0)	(22.0, 22676.0)	(23.0, 38637.0)	(24.0, 65409.0)	(25.0, 107599.0)	(26.0, 167015.0)	(27.0, 254135.0)	(28.0, 356884.0)	(29.0, 496966.0)	(30.0, 657106.0)	(31.0, 860092.0)	(32.0, 1088246.0)	(33.0, 1474974.0)	(34.0, 2240953.0)	(35.0, 5049722.0)	(36.0, 60441037.0)	(37.0, 24311079.0)
SRR14240746_2	(2.0, 29848.0)	(3.0, 0.0)	(4.0, 0.0)	(5.0, 0.0)	(6.0, 0.0)	(7.0, 0.0)	(8.0, 0.0)	(9.0, 0.0)	(10.0, 0.0)	(11.0, 173.0)	(12.0, 8383.0)	(13.0, 59102.0)	(14.0, 115246.0)	(15.0, 107724.0)	(16.0, 78134.0)	(17.0, 63519.0)	(18.0, 62198.0)	(19.0, 73760.0)	(20.0, 99061.0)	(21.0, 142987.0)	(22.0, 195182.0)	(23.0, 237354.0)	(24.0, 264508.0)	(25.0, 311599.0)	(26.0, 369316.0)	(27.0, 424626.0)	(28.0, 449929.0)	(29.0, 499564.0)	(30.0, 580412.0)	(31.0, 739460.0)	(32.0, 991013.0)	(33.0, 1479564.0)	(34.0, 2613170.0)	(35.0, 7778818.0)	(36.0, 65206235.0)	(37.0, 15485092.0)
SRR14240747_1	(2.0, 800625.0)	(3.0, 0.0)	(4.0, 0.0)	(5.0, 0.0)	(6.0, 0.0)	(7.0, 0.0)	(8.0, 0.0)	(9.0, 0.0)	(10.0, 0.0)	(11.0, 0.0)	(12.0, 0.0)	(13.0, 1.0)	(14.0, 8.0)	(15.0, 43.0)	(16.0, 138.0)	(17.0, 401.0)	(18.0, 891.0)	(19.0, 1909.0)	(20.0, 3985.0)	(21.0, 7815.0)	(22.0, 14215.0)	(23.0, 24676.0)	(24.0, 43136.0)	(25.0, 73279.0)	(26.0, 118607.0)	(27.0, 184554.0)	(28.0, 270243.0)	(29.0, 382429.0)	(30.0, 507056.0)	(31.0, 662461.0)	(32.0, 844127.0)	(33.0, 1143183.0)	(34.0, 1749548.0)	(35.0, 4104965.0)	(36.0, 47065134.0)	(37.0, 15491287.0)
SRR14240747_2	(2.0, 8648.0)	(3.0, 0.0)	(4.0, 0.0)	(5.0, 0.0)	(6.0, 0.0)	(7.0, 0.0)	(8.0, 0.0)	(9.0, 0.0)	(10.0, 0.0)	(11.0, 232.0)	(12.0, 12266.0)	(13.0, 63155.0)	(14.0, 95242.0)	(15.0, 79747.0)	(16.0, 55664.0)	(17.0, 41983.0)	(18.0, 39170.0)	(19.0, 46860.0)	(20.0, 64492.0)	(21.0, 96657.0)	(22.0, 141387.0)	(23.0, 191104.0)	(24.0, 246070.0)	(25.0, 323189.0)	(26.0, 392427.0)	(27.0, 372609.0)	(28.0, 324638.0)	(29.0, 357292.0)	(30.0, 446667.0)	(31.0, 597941.0)	(32.0, 816281.0)	(33.0, 1233312.0)	(34.0, 2197456.0)	(35.0, 6607419.0)	(36.0, 48733556.0)	(37.0, 9909252.0)
SRR14240748_1	(2.0, 2361823.0)	(3.0, 0.0)	(4.0, 0.0)	(5.0, 0.0)	(6.0, 0.0)	(7.0, 0.0)	(8.0, 0.0)	(9.0, 0.0)	(10.0, 0.0)	(11.0, 0.0)	(12.0, 0.0)	(13.0, 1.0)	(14.0, 13.0)	(15.0, 45.0)	(16.0, 173.0)	(17.0, 568.0)	(18.0, 1300.0)	(19.0, 2935.0)	(20.0, 5786.0)	(21.0, 11568.0)	(22.0, 20905.0)	(23.0, 35540.0)	(24.0, 57349.0)	(25.0, 94996.0)	(26.0, 149787.0)	(27.0, 235191.0)	(28.0, 341104.0)	(29.0, 482952.0)	(30.0, 643905.0)	(31.0, 844456.0)	(32.0, 1073811.0)	(33.0, 1464680.0)	(34.0, 2249791.0)	(35.0, 5271591.0)	(36.0, 59614019.0)	(37.0, 20850659.0)
SRR14240748_2	(2.0, 2085.0)	(3.0, 0.0)	(4.0, 0.0)	(5.0, 0.0)	(6.0, 0.0)	(7.0, 0.0)	(8.0, 0.0)	(9.0, 0.0)	(10.0, 0.0)	(11.0, 429.0)	(12.0, 22286.0)	(13.0, 108964.0)	(14.0, 157496.0)	(15.0, 132249.0)	(16.0, 93168.0)	(17.0, 74300.0)	(18.0, 72696.0)	(19.0, 88588.0)	(20.0, 118149.0)	(21.0, 167637.0)	(22.0, 229778.0)	(23.0, 299421.0)	(24.0, 367347.0)	(25.0, 450814.0)	(26.0, 597676.0)	(27.0, 851785.0)	(28.0, 947684.0)	(29.0, 782686.0)	(30.0, 701904.0)	(31.0, 850300.0)	(32.0, 1138206.0)	(33.0, 1714615.0)	(34.0, 3113740.0)	(35.0, 9703069.0)	(36.0, 62101610.0)	(37.0, 10926266.0)
SRR14240749_1	(2.0, 924008.0)	(3.0, 0.0)	(4.0, 0.0)	(5.0, 0.0)	(6.0, 0.0)	(7.0, 0.0)	(8.0, 0.0)	(9.0, 0.0)	(10.0, 0.0)	(11.0, 0.0)	(12.0, 0.0)	(13.0, 3.0)	(14.0, 9.0)	(15.0, 55.0)	(16.0, 195.0)	(17.0, 609.0)	(18.0, 1380.0)	(19.0, 2848.0)	(20.0, 5925.0)	(21.0, 11310.0)	(22.0, 19858.0)	(23.0, 34383.0)	(24.0, 56253.0)	(25.0, 93763.0)	(26.0, 151829.0)	(27.0, 239464.0)	(28.0, 353046.0)	(29.0, 503831.0)	(30.0, 669563.0)	(31.0, 872757.0)	(32.0, 1107956.0)	(33.0, 1506955.0)	(34.0, 2312661.0)	(35.0, 5436289.0)	(36.0, 62086790.0)	(37.0, 20884573.0)
SRR14240749_2	(2.0, 7763.0)	(3.0, 0.0)	(4.0, 0.0)	(5.0, 0.0)	(6.0, 0.0)	(7.0, 0.0)	(8.0, 0.0)	(9.0, 0.0)	(10.0, 0.0)	(11.0, 221.0)	(12.0, 10121.0)	(13.0, 61138.0)	(14.0, 107695.0)	(15.0, 104683.0)	(16.0, 80376.0)	(17.0, 65231.0)	(18.0, 62308.0)	(19.0, 70574.0)	(20.0, 92890.0)	(21.0, 133785.0)	(22.0, 192289.0)	(23.0, 261190.0)	(24.0, 334162.0)	(25.0, 429247.0)	(26.0, 440246.0)	(27.0, 383222.0)	(28.0, 367960.0)	(29.0, 440230.0)	(30.0, 559408.0)	(31.0, 745543.0)	(32.0, 1013089.0)	(33.0, 1524023.0)	(34.0, 2721925.0)	(35.0, 8362041.0)	(36.0, 65781534.0)	(37.0, 12923419.0)
SRR14240750_1	(2.0, 1507895.0)	(3.0, 0.0)	(4.0, 0.0)	(5.0, 0.0)	(6.0, 0.0)	(7.0, 0.0)	(8.0, 0.0)	(9.0, 0.0)	(10.0, 0.0)	(11.0, 0.0)	(12.0, 0.0)	(13.0, 1.0)	(14.0, 5.0)	(15.0, 53.0)	(16.0, 195.0)	(17.0, 538.0)	(18.0, 1401.0)	(19.0, 2996.0)	(20.0, 6342.0)	(21.0, 12137.0)	(22.0, 20169.0)	(23.0, 33441.0)	(24.0, 54561.0)	(25.0, 88370.0)	(26.0, 138367.0)	(27.0, 215799.0)	(28.0, 314139.0)	(29.0, 444576.0)	(30.0, 590161.0)	(31.0, 773377.0)	(32.0, 989529.0)	(33.0, 1362045.0)	(34.0, 2136942.0)	(35.0, 5444606.0)	(36.0, 57804555.0)	(37.0, 14298210.0)
SRR14240750_2	(2.0, 36830.0)	(3.0, 0.0)	(4.0, 0.0)	(5.0, 0.0)	(6.0, 0.0)	(7.0, 0.0)	(8.0, 0.0)	(9.0, 0.0)	(10.0, 0.0)	(11.0, 200.0)	(12.0, 9720.0)	(13.0, 56788.0)	(14.0, 96039.0)	(15.0, 90857.0)	(16.0, 68891.0)	(17.0, 57609.0)	(18.0, 57477.0)	(19.0, 69514.0)	(20.0, 93753.0)	(21.0, 137610.0)	(22.0, 196166.0)	(23.0, 271686.0)	(24.0, 376518.0)	(25.0, 516713.0)	(26.0, 578428.0)	(27.0, 451688.0)	(28.0, 345080.0)	(29.0, 375640.0)	(30.0, 469332.0)	(31.0, 624931.0)	(32.0, 852223.0)	(33.0, 1280835.0)	(34.0, 2265754.0)	(35.0, 6797939.0)	(36.0, 56607918.0)	(37.0, 13454271.0)
SRR14240751_1	(2.0, 4118870.0)	(3.0, 0.0)	(4.0, 0.0)	(5.0, 0.0)	(6.0, 0.0)	(7.0, 0.0)	(8.0, 0.0)	(9.0, 0.0)	(10.0, 0.0)	(11.0, 0.0)	(12.0, 0.0)	(13.0, 2.0)	(14.0, 2.0)	(15.0, 42.0)	(16.0, 188.0)	(17.0, 518.0)	(18.0, 1283.0)	(19.0, 2780.0)	(20.0, 5510.0)	(21.0, 10883.0)	(22.0, 19251.0)	(23.0, 32787.0)	(24.0, 51196.0)	(25.0, 81495.0)	(26.0, 125443.0)	(27.0, 190487.0)	(28.0, 270974.0)	(29.0, 378466.0)	(30.0, 498052.0)	(31.0, 648116.0)	(32.0, 820611.0)	(33.0, 1104662.0)	(34.0, 1660814.0)	(35.0, 3768893.0)	(36.0, 44767979.0)	(37.0, 17094513.0)
SRR14240751_2	(2.0, 176985.0)	(3.0, 0.0)	(4.0, 0.0)	(5.0, 0.0)	(6.0, 0.0)	(7.0, 0.0)	(8.0, 0.0)	(9.0, 0.0)	(10.0, 0.0)	(11.0, 163.0)	(12.0, 9536.0)	(13.0, 53314.0)	(14.0, 85924.0)	(15.0, 74738.0)	(16.0, 53248.0)	(17.0, 45013.0)	(18.0, 50733.0)	(19.0, 73755.0)	(20.0, 112204.0)	(21.0, 177278.0)	(22.0, 271851.0)	(23.0, 420662.0)	(24.0, 745170.0)	(25.0, 1224841.0)	(26.0, 1245627.0)	(27.0, 682784.0)	(28.0, 350790.0)	(29.0, 338102.0)	(30.0, 414330.0)	(31.0, 544990.0)	(32.0, 733958.0)	(33.0, 1096058.0)	(34.0, 1930296.0)	(35.0, 5740955.0)	(36.0, 46682496.0)	(37.0, 12318016.0)
SRR14240752_1	(2.0, 712207.0)	(3.0, 0.0)	(4.0, 0.0)	(5.0, 0.0)	(6.0, 0.0)	(7.0, 0.0)	(8.0, 0.0)	(9.0, 0.0)	(10.0, 0.0)	(11.0, 0.0)	(12.0, 0.0)	(13.0, 0.0)	(14.0, 7.0)	(15.0, 56.0)	(16.0, 194.0)	(17.0, 508.0)	(18.0, 1152.0)	(19.0, 2295.0)	(20.0, 4767.0)	(21.0, 8827.0)	(22.0, 15667.0)	(23.0, 26616.0)	(24.0, 43598.0)	(25.0, 71884.0)	(26.0, 114675.0)	(27.0, 180065.0)	(28.0, 262653.0)	(29.0, 369519.0)	(30.0, 489988.0)	(31.0, 641119.0)	(32.0, 813094.0)	(33.0, 1109026.0)	(34.0, 1705460.0)	(35.0, 4024744.0)	(36.0, 45570513.0)	(37.0, 13433679.0)
SRR14240752_2	(2.0, 4200.0)	(3.0, 0.0)	(4.0, 0.0)	(5.0, 0.0)	(6.0, 0.0)	(7.0, 0.0)	(8.0, 0.0)	(9.0, 0.0)	(10.0, 0.0)	(11.0, 235.0)	(12.0, 13368.0)	(13.0, 81329.0)	(14.0, 138199.0)	(15.0, 124399.0)	(16.0, 86130.0)	(17.0, 63936.0)	(18.0, 56639.0)	(19.0, 64950.0)	(20.0, 86014.0)	(21.0, 125389.0)	(22.0, 175674.0)	(23.0, 225232.0)	(24.0, 275298.0)	(25.0, 345971.0)	(26.0, 400635.0)	(27.0, 376091.0)	(28.0, 340441.0)	(29.0, 387722.0)	(30.0, 479486.0)	(31.0, 632662.0)	(32.0, 858859.0)	(33.0, 1305462.0)	(34.0, 2370635.0)	(35.0, 7179603.0)	(36.0, 45878079.0)	(37.0, 7525675.0)
SRR14240753_1	(2.0, 1260527.0)	(3.0, 0.0)	(4.0, 0.0)	(5.0, 0.0)	(6.0, 0.0)	(7.0, 0.0)	(8.0, 0.0)	(9.0, 0.0)	(10.0, 0.0)	(11.0, 0.0)	(12.0, 0.0)	(13.0, 0.0)	(14.0, 8.0)	(15.0, 30.0)	(16.0, 109.0)	(17.0, 352.0)	(18.0, 969.0)	(19.0, 2402.0)	(20.0, 5419.0)	(21.0, 11554.0)	(22.0, 22291.0)	(23.0, 41007.0)	(24.0, 73708.0)	(25.0, 130943.0)	(26.0, 216083.0)	(27.0, 346361.0)	(28.0, 516648.0)	(29.0, 750167.0)	(30.0, 1022714.0)	(31.0, 1374200.0)	(32.0, 1815704.0)	(33.0, 2631503.0)	(34.0, 4498418.0)	(35.0, 11191151.0)	(36.0, 60483208.0)	(37.0, 10988134.0)
SRR14240753_2	(2.0, 1600.0)	(3.0, 285.0)	(4.0, 365.0)	(5.0, 570.0)	(6.0, 968.0)	(7.0, 1340.0)	(8.0, 653.0)	(9.0, 613.0)	(10.0, 558.0)	(11.0, 1049.0)	(12.0, 14461.0)	(13.0, 75566.0)	(14.0, 122447.0)	(15.0, 115628.0)	(16.0, 90463.0)	(17.0, 76676.0)	(18.0, 76066.0)	(19.0, 90397.0)	(20.0, 119693.0)	(21.0, 174099.0)	(22.0, 244327.0)	(23.0, 320449.0)	(24.0, 382959.0)	(25.0, 452383.0)	(26.0, 537579.0)	(27.0, 668568.0)	(28.0, 814126.0)	(29.0, 993876.0)	(30.0, 1222838.0)	(31.0, 1646827.0)	(32.0, 2404458.0)	(33.0, 3994985.0)	(34.0, 7469190.0)	(35.0, 18191328.0)	(36.0, 51003935.0)	(37.0, 6072285.0)
SRR14240754_1	(2.0, 3105604.0)	(3.0, 0.0)	(4.0, 0.0)	(5.0, 0.0)	(6.0, 0.0)	(7.0, 0.0)	(8.0, 0.0)	(9.0, 0.0)	(10.0, 0.0)	(11.0, 0.0)	(12.0, 0.0)	(13.0, 0.0)	(14.0, 6.0)	(15.0, 27.0)	(16.0, 102.0)	(17.0, 283.0)	(18.0, 813.0)	(19.0, 1880.0)	(20.0, 4077.0)	(21.0, 8043.0)	(22.0, 14783.0)	(23.0, 26698.0)	(24.0, 46634.0)	(25.0, 82100.0)	(26.0, 135255.0)	(27.0, 217486.0)	(28.0, 327025.0)	(29.0, 482345.0)	(30.0, 668525.0)	(31.0, 928679.0)	(32.0, 1294107.0)	(33.0, 1977964.0)	(34.0, 3341445.0)	(35.0, 6940846.0)	(36.0, 34027618.0)	(37.0, 7265864.0)
SRR14240754_2	(2.0, 18159.0)	(3.0, 0.0)	(4.0, 0.0)	(5.0, 0.0)	(6.0, 0.0)	(7.0, 0.0)	(8.0, 0.0)	(9.0, 0.0)	(10.0, 0.0)	(11.0, 81.0)	(12.0, 3500.0)	(13.0, 26140.0)	(14.0, 58510.0)	(15.0, 69578.0)	(16.0, 66742.0)	(17.0, 71551.0)	(18.0, 85507.0)	(19.0, 110560.0)	(20.0, 142102.0)	(21.0, 188704.0)	(22.0, 244870.0)	(23.0, 320155.0)	(24.0, 413561.0)	(25.0, 550661.0)	(26.0, 715771.0)	(27.0, 886306.0)	(28.0, 810816.0)	(29.0, 657995.0)	(30.0, 723527.0)	(31.0, 1033400.0)	(32.0, 1559836.0)	(33.0, 2515442.0)	(34.0, 4197062.0)	(35.0, 9105833.0)	(36.0, 31917350.0)	(37.0, 4404490.0)
SRR14240755_1	(2.0, 1773907.0)	(3.0, 0.0)	(4.0, 0.0)	(5.0, 0.0)	(6.0, 0.0)	(7.0, 0.0)	(8.0, 0.0)	(9.0, 0.0)	(10.0, 0.0)	(11.0, 0.0)	(12.0, 0.0)	(13.0, 1.0)	(14.0, 7.0)	(15.0, 36.0)	(16.0, 137.0)	(17.0, 421.0)	(18.0, 1079.0)	(19.0, 2646.0)	(20.0, 5984.0)	(21.0, 12202.0)	(22.0, 23389.0)	(23.0, 42561.0)	(24.0, 75466.0)	(25.0, 130017.0)	(26.0, 205575.0)	(27.0, 314356.0)	(28.0, 451259.0)	(29.0, 644740.0)	(30.0, 876513.0)	(31.0, 1172104.0)	(32.0, 1544370.0)	(33.0, 2225599.0)	(34.0, 3771745.0)	(35.0, 9252112.0)	(36.0, 52399862.0)	(37.0, 10731684.0)
SRR14240755_2	(2.0, 20155.0)	(3.0, 237.0)	(4.0, 322.0)	(5.0, 516.0)	(6.0, 733.0)	(7.0, 1223.0)	(8.0, 596.0)	(9.0, 542.0)	(10.0, 480.0)	(11.0, 844.0)	(12.0, 11999.0)	(13.0, 65563.0)	(14.0, 110495.0)	(15.0, 108712.0)	(16.0, 88358.0)	(17.0, 80270.0)	(18.0, 87118.0)	(19.0, 112078.0)	(20.0, 155136.0)	(21.0, 224902.0)	(22.0, 311957.0)	(23.0, 408983.0)	(24.0, 493820.0)	(25.0, 589543.0)	(26.0, 626116.0)	(27.0, 561278.0)	(28.0, 519670.0)	(29.0, 605220.0)	(30.0, 791420.0)	(31.0, 1127026.0)	(32.0, 1693957.0)	(33.0, 2865871.0)	(34.0, 5453661.0)	(35.0, 13635491.0)	(36.0, 47523736.0)	(37.0, 7379744.0)
SRR14240756_1	(2.0, 2202673.0)	(3.0, 0.0)	(4.0, 0.0)	(5.0, 0.0)	(6.0, 0.0)	(7.0, 0.0)	(8.0, 0.0)	(9.0, 0.0)	(10.0, 0.0)	(11.0, 0.0)	(12.0, 0.0)	(13.0, 0.0)	(14.0, 4.0)	(15.0, 16.0)	(16.0, 66.0)	(17.0, 241.0)	(18.0, 617.0)	(19.0, 1504.0)	(20.0, 3336.0)	(21.0, 7163.0)	(22.0, 13597.0)	(23.0, 25550.0)	(24.0, 46091.0)	(25.0, 81701.0)	(26.0, 132365.0)	(27.0, 207558.0)	(28.0, 307165.0)	(29.0, 446491.0)	(30.0, 619603.0)	(31.0, 853982.0)	(32.0, 1183550.0)	(33.0, 1797853.0)	(34.0, 3015735.0)	(35.0, 6225100.0)	(36.0, 31772757.0)	(37.0, 7462193.0)
SRR14240756_2	(2.0, 14621.0)	(3.0, 0.0)	(4.0, 0.0)	(5.0, 0.0)	(6.0, 0.0)	(7.0, 0.0)	(8.0, 0.0)	(9.0, 0.0)	(10.0, 0.0)	(11.0, 45.0)	(12.0, 2217.0)	(13.0, 18354.0)	(14.0, 45417.0)	(15.0, 60667.0)	(16.0, 61506.0)	(17.0, 64819.0)	(18.0, 72655.0)	(19.0, 90790.0)	(20.0, 114118.0)	(21.0, 151573.0)	(22.0, 197731.0)	(23.0, 257296.0)	(24.0, 320667.0)	(25.0, 426836.0)	(26.0, 569837.0)	(27.0, 681153.0)	(28.0, 584689.0)	(29.0, 505779.0)	(30.0, 602192.0)	(31.0, 880808.0)	(32.0, 1347355.0)	(33.0, 2194134.0)	(34.0, 3670104.0)	(35.0, 7944335.0)	(36.0, 30986676.0)	(37.0, 4540537.0)
SRR14240757_1	(2.0, 3454385.0)	(3.0, 0.0)	(4.0, 0.0)	(5.0, 0.0)	(6.0, 0.0)	(7.0, 0.0)	(8.0, 0.0)	(9.0, 0.0)	(10.0, 0.0)	(11.0, 0.0)	(12.0, 0.0)	(13.0, 3.0)	(14.0, 8.0)	(15.0, 49.0)	(16.0, 167.0)	(17.0, 555.0)	(18.0, 1513.0)	(19.0, 3875.0)	(20.0, 8512.0)	(21.0, 16935.0)	(22.0, 29450.0)	(23.0, 48026.0)	(24.0, 78949.0)	(25.0, 129033.0)	(26.0, 197279.0)	(27.0, 295749.0)	(28.0, 421855.0)	(29.0, 597183.0)	(30.0, 806138.0)	(31.0, 1079779.0)	(32.0, 1432048.0)	(33.0, 2080522.0)	(34.0, 3551690.0)	(35.0, 8715279.0)	(36.0, 47551698.0)	(37.0, 9334548.0)
SRR14240757_2	(2.0, 21230.0)	(3.0, 271.0)	(4.0, 331.0)	(5.0, 470.0)	(6.0, 637.0)	(7.0, 1115.0)	(8.0, 575.0)	(9.0, 542.0)	(10.0, 458.0)	(11.0, 742.0)	(12.0, 9334.0)	(13.0, 57254.0)	(14.0, 110818.0)	(15.0, 115728.0)	(16.0, 96753.0)	(17.0, 89316.0)	(18.0, 104278.0)	(19.0, 148988.0)	(20.0, 223000.0)	(21.0, 333230.0)	(22.0, 467271.0)	(23.0, 631404.0)	(24.0, 804009.0)	(25.0, 945356.0)	(26.0, 937972.0)	(27.0, 744343.0)	(28.0, 589421.0)	(29.0, 615764.0)	(30.0, 768387.0)	(31.0, 1063039.0)	(32.0, 1567880.0)	(33.0, 2610054.0)	(34.0, 4914816.0)	(35.0, 12222321.0)	(36.0, 43202972.0)	(37.0, 6435149.0)
SRR14240758_1	(2.0, 306411.0)	(3.0, 0.0)	(4.0, 0.0)	(5.0, 0.0)	(6.0, 0.0)	(7.0, 0.0)	(8.0, 0.0)	(9.0, 0.0)	(10.0, 0.0)	(11.0, 0.0)	(12.0, 0.0)	(13.0, 1.0)	(14.0, 1.0)	(15.0, 22.0)	(16.0, 63.0)	(17.0, 225.0)	(18.0, 601.0)	(19.0, 1336.0)	(20.0, 2974.0)	(21.0, 6154.0)	(22.0, 11763.0)	(23.0, 23275.0)	(24.0, 44000.0)	(25.0, 79621.0)	(26.0, 130695.0)	(27.0, 200916.0)	(28.0, 292270.0)	(29.0, 421541.0)	(30.0, 570929.0)	(31.0, 769337.0)	(32.0, 1018350.0)	(33.0, 1483062.0)	(34.0, 2555660.0)	(35.0, 6387066.0)	(36.0, 35535271.0)	(37.0, 5767949.0)
SRR14240758_2	(2.0, 2974.0)	(3.0, 175.0)	(4.0, 211.0)	(5.0, 329.0)	(6.0, 521.0)	(7.0, 779.0)	(8.0, 391.0)	(9.0, 320.0)	(10.0, 312.0)	(11.0, 543.0)	(12.0, 6972.0)	(13.0, 35797.0)	(14.0, 57716.0)	(15.0, 54069.0)	(16.0, 41759.0)	(17.0, 34686.0)	(18.0, 34346.0)	(19.0, 41480.0)	(20.0, 57705.0)	(21.0, 85925.0)	(22.0, 121576.0)	(23.0, 160285.0)	(24.0, 193067.0)	(25.0, 232295.0)	(26.0, 275729.0)	(27.0, 334239.0)	(28.0, 400544.0)	(29.0, 509992.0)	(30.0, 671681.0)	(31.0, 956582.0)	(32.0, 1436771.0)	(33.0, 2415657.0)	(34.0, 4547898.0)	(35.0, 10914266.0)	(36.0, 29048786.0)	(37.0, 2933115.0)
SRR14240759_1	(2.0, 557941.0)	(3.0, 0.0)	(4.0, 0.0)	(5.0, 0.0)	(6.0, 0.0)	(7.0, 0.0)	(8.0, 0.0)	(9.0, 0.0)	(10.0, 0.0)	(11.0, 0.0)	(12.0, 0.0)	(13.0, 0.0)	(14.0, 0.0)	(15.0, 22.0)	(16.0, 107.0)	(17.0, 322.0)	(18.0, 793.0)	(19.0, 1891.0)	(20.0, 4075.0)	(21.0, 8034.0)	(22.0, 13900.0)	(23.0, 24366.0)	(24.0, 41578.0)	(25.0, 69969.0)	(26.0, 109586.0)	(27.0, 169807.0)	(28.0, 247785.0)	(29.0, 353549.0)	(30.0, 476336.0)	(31.0, 641236.0)	(32.0, 848369.0)	(33.0, 1240824.0)	(34.0, 2146725.0)	(35.0, 5383135.0)	(36.0, 28091699.0)	(37.0, 4730479.0)
SRR14240759_2	(2.0, 4044.0)	(3.0, 121.0)	(4.0, 168.0)	(5.0, 259.0)	(6.0, 420.0)	(7.0, 640.0)	(8.0, 303.0)	(9.0, 293.0)	(10.0, 282.0)	(11.0, 484.0)	(12.0, 7318.0)	(13.0, 35853.0)	(14.0, 55989.0)	(15.0, 51621.0)	(16.0, 39670.0)	(17.0, 34285.0)	(18.0, 35049.0)	(19.0, 43573.0)	(20.0, 60154.0)	(21.0, 88079.0)	(22.0, 125001.0)	(23.0, 164467.0)	(24.0, 199336.0)	(25.0, 237469.0)	(26.0, 281499.0)	(27.0, 336714.0)	(28.0, 381373.0)	(29.0, 448900.0)	(30.0, 566132.0)	(31.0, 793221.0)	(32.0, 1187522.0)	(33.0, 1996155.0)	(34.0, 3734076.0)	(35.0, 8839197.0)	(36.0, 22639095.0)	(37.0, 2773766.0)
SRR14240760_1	(2.0, 509272.0)	(3.0, 0.0)	(4.0, 0.0)	(5.0, 0.0)	(6.0, 0.0)	(7.0, 0.0)	(8.0, 0.0)	(9.0, 0.0)	(10.0, 0.0)	(11.0, 0.0)	(12.0, 0.0)	(13.0, 2.0)	(14.0, 7.0)	(15.0, 37.0)	(16.0, 163.0)	(17.0, 470.0)	(18.0, 1008.0)	(19.0, 2409.0)	(20.0, 5230.0)	(21.0, 10746.0)	(22.0, 21124.0)	(23.0, 40251.0)	(24.0, 73970.0)	(25.0, 135068.0)	(26.0, 226871.0)	(27.0, 365036.0)	(28.0, 547591.0)	(29.0, 796413.0)	(30.0, 1087979.0)	(31.0, 1470374.0)	(32.0, 1956471.0)	(33.0, 2865459.0)	(34.0, 4910942.0)	(35.0, 12072094.0)	(36.0, 64343781.0)	(37.0, 10843554.0)
SRR14240760_2	(2.0, 7871.0)	(3.0, 310.0)	(4.0, 358.0)	(5.0, 640.0)	(6.0, 942.0)	(7.0, 1410.0)	(8.0, 753.0)	(9.0, 614.0)	(10.0, 632.0)	(11.0, 846.0)	(12.0, 7150.0)	(13.0, 42475.0)	(14.0, 83188.0)	(15.0, 88401.0)	(16.0, 72158.0)	(17.0, 61309.0)	(18.0, 61033.0)	(19.0, 74453.0)	(20.0, 103608.0)	(21.0, 154840.0)	(22.0, 218083.0)	(23.0, 282622.0)	(24.0, 338159.0)	(25.0, 412640.0)	(26.0, 492464.0)	(27.0, 597836.0)	(28.0, 730525.0)	(29.0, 942771.0)	(30.0, 1251534.0)	(31.0, 1783925.0)	(32.0, 2677875.0)	(33.0, 4484116.0)	(34.0, 8314418.0)	(35.0, 19523756.0)	(36.0, 53490754.0)	(37.0, 5981853.0)
SRR14240761_1	(2.0, 3959451.0)	(3.0, 0.0)	(4.0, 0.0)	(5.0, 0.0)	(6.0, 0.0)	(7.0, 0.0)	(8.0, 0.0)	(9.0, 0.0)	(10.0, 0.0)	(11.0, 0.0)	(12.0, 0.0)	(13.0, 1.0)	(14.0, 7.0)	(15.0, 16.0)	(16.0, 93.0)	(17.0, 312.0)	(18.0, 872.0)	(19.0, 2383.0)	(20.0, 5358.0)	(21.0, 10979.0)	(22.0, 19578.0)	(23.0, 33824.0)	(24.0, 57088.0)	(25.0, 96939.0)	(26.0, 154490.0)	(27.0, 240175.0)	(28.0, 351709.0)	(29.0, 504898.0)	(30.0, 683598.0)	(31.0, 916235.0)	(32.0, 1212089.0)	(33.0, 1756636.0)	(34.0, 2991500.0)	(35.0, 7427124.0)	(36.0, 42007955.0)	(37.0, 8570289.0)
SRR14240761_2	(2.0, 7630.0)	(3.0, 177.0)	(4.0, 279.0)	(5.0, 436.0)	(6.0, 647.0)	(7.0, 938.0)	(8.0, 485.0)	(9.0, 466.0)	(10.0, 428.0)	(11.0, 666.0)	(12.0, 10025.0)	(13.0, 53424.0)	(14.0, 90911.0)	(15.0, 87405.0)	(16.0, 73726.0)	(17.0, 79384.0)	(18.0, 105597.0)	(19.0, 153576.0)	(20.0, 216530.0)	(21.0, 306906.0)	(22.0, 412908.0)	(23.0, 534920.0)	(24.0, 642057.0)	(25.0, 778208.0)	(26.0, 946502.0)	(27.0, 969132.0)	(28.0, 768303.0)	(29.0, 649234.0)	(30.0, 725336.0)	(31.0, 991240.0)	(32.0, 1462751.0)	(33.0, 2444218.0)	(34.0, 4604269.0)	(35.0, 11308851.0)	(36.0, 37047796.0)	(37.0, 5528238.0)
SRR14240762_1	(2.0, 1039499.0)	(3.0, 0.0)	(4.0, 0.0)	(5.0, 0.0)	(6.0, 0.0)	(7.0, 0.0)	(8.0, 0.0)	(9.0, 0.0)	(10.0, 0.0)	(11.0, 0.0)	(12.0, 0.0)	(13.0, 2.0)	(14.0, 15.0)	(15.0, 80.0)	(16.0, 268.0)	(17.0, 781.0)	(18.0, 1806.0)	(19.0, 4026.0)	(20.0, 8368.0)	(21.0, 18173.0)	(22.0, 35053.0)	(23.0, 67957.0)	(24.0, 124858.0)	(25.0, 220435.0)	(26.0, 354706.0)	(27.0, 548151.0)	(28.0, 800216.0)	(29.0, 1151296.0)	(30.0, 1557705.0)	(31.0, 2086287.0)	(32.0, 2743830.0)	(33.0, 3966315.0)	(34.0, 6753810.0)	(35.0, 16823980.0)	(36.0, 96459129.0)	(37.0, 19416931.0)
SRR14240762_2	(2.0, 7965.0)	(3.0, 441.0)	(4.0, 609.0)	(5.0, 921.0)	(6.0, 1391.0)	(7.0, 2159.0)	(8.0, 1162.0)	(9.0, 945.0)	(10.0, 859.0)	(11.0, 1512.0)	(12.0, 22392.0)	(13.0, 110577.0)	(14.0, 176753.0)	(15.0, 164911.0)	(16.0, 126548.0)	(17.0, 105142.0)	(18.0, 102445.0)	(19.0, 123167.0)	(20.0, 169071.0)	(21.0, 250440.0)	(22.0, 354404.0)	(23.0, 462222.0)	(24.0, 541459.0)	(25.0, 638200.0)	(26.0, 751223.0)	(27.0, 912448.0)	(28.0, 1082567.0)	(29.0, 1339481.0)	(30.0, 1720844.0)	(31.0, 2404940.0)	(32.0, 3567800.0)	(33.0, 5986759.0)	(34.0, 11301203.0)	(35.0, 27892091.0)	(36.0, 82839914.0)	(37.0, 11018712.0)
SRR14240763_1	(2.0, 1216920.0)	(3.0, 0.0)	(4.0, 0.0)	(5.0, 0.0)	(6.0, 0.0)	(7.0, 0.0)	(8.0, 0.0)	(9.0, 0.0)	(10.0, 0.0)	(11.0, 0.0)	(12.0, 0.0)	(13.0, 3.0)	(14.0, 12.0)	(15.0, 61.0)	(16.0, 270.0)	(17.0, 668.0)	(18.0, 1591.0)	(19.0, 3636.0)	(20.0, 7147.0)	(21.0, 13792.0)	(22.0, 24368.0)	(23.0, 41081.0)	(24.0, 65616.0)	(25.0, 105653.0)	(26.0, 163943.0)	(27.0, 253128.0)	(28.0, 371484.0)	(29.0, 533997.0)	(30.0, 725509.0)	(31.0, 974578.0)	(32.0, 1286828.0)	(33.0, 1870429.0)	(34.0, 3184990.0)	(35.0, 7819136.0)	(36.0, 42458349.0)	(37.0, 7586217.0)
SRR14240763_2	(2.0, 4915.0)	(3.0, 218.0)	(4.0, 253.0)	(5.0, 426.0)	(6.0, 633.0)	(7.0, 894.0)	(8.0, 478.0)	(9.0, 440.0)	(10.0, 404.0)	(11.0, 687.0)	(12.0, 8853.0)	(13.0, 47728.0)	(14.0, 82602.0)	(15.0, 82336.0)	(16.0, 68906.0)	(17.0, 63079.0)	(18.0, 65709.0)	(19.0, 81034.0)	(20.0, 108027.0)	(21.0, 155369.0)	(22.0, 215290.0)	(23.0, 282491.0)	(24.0, 333121.0)	(25.0, 398095.0)	(26.0, 480802.0)	(27.0, 567085.0)	(28.0, 628451.0)	(29.0, 718959.0)	(30.0, 877113.0)	(31.0, 1200576.0)	(32.0, 1761728.0)	(33.0, 2915290.0)	(34.0, 5373307.0)	(35.0, 12657752.0)	(36.0, 35087509.0)	(37.0, 4438846.0)
SRR14240764_1	(2.0, 1831719.0)	(3.0, 0.0)	(4.0, 0.0)	(5.0, 0.0)	(6.0, 0.0)	(7.0, 0.0)	(8.0, 0.0)	(9.0, 0.0)	(10.0, 0.0)	(11.0, 0.0)	(12.0, 0.0)	(13.0, 1.0)	(14.0, 10.0)	(15.0, 33.0)	(16.0, 111.0)	(17.0, 298.0)	(18.0, 843.0)	(19.0, 2208.0)	(20.0, 5056.0)	(21.0, 10727.0)	(22.0, 20877.0)	(23.0, 39212.0)	(24.0, 70937.0)	(25.0, 125162.0)	(26.0, 203708.0)	(27.0, 315427.0)	(28.0, 463398.0)	(29.0, 670260.0)	(30.0, 912756.0)	(31.0, 1229581.0)	(32.0, 1633625.0)	(33.0, 2391972.0)	(34.0, 4114462.0)	(35.0, 10313641.0)	(36.0, 53852089.0)	(37.0, 9550943.0)
SRR14240764_2	(2.0, 14429.0)	(3.0, 268.0)	(4.0, 298.0)	(5.0, 567.0)	(6.0, 854.0)	(7.0, 1191.0)	(8.0, 623.0)	(9.0, 595.0)	(10.0, 537.0)	(11.0, 860.0)	(12.0, 12850.0)	(13.0, 74125.0)	(14.0, 127672.0)	(15.0, 125633.0)	(16.0, 100936.0)	(17.0, 85717.0)	(18.0, 83995.0)	(19.0, 101855.0)	(20.0, 142037.0)	(21.0, 211306.0)	(22.0, 273657.0)	(23.0, 334203.0)	(24.0, 383670.0)	(25.0, 443885.0)	(26.0, 502479.0)	(27.0, 606433.0)	(28.0, 735976.0)	(29.0, 916851.0)	(30.0, 1133197.0)	(31.0, 1490232.0)	(32.0, 2120526.0)	(33.0, 3502755.0)	(34.0, 6607129.0)	(35.0, 16232094.0)	(36.0, 45539278.0)	(37.0, 5850343.0)
SRR14240765_1	(2.0, 1775676.0)	(3.0, 0.0)	(4.0, 0.0)	(5.0, 0.0)	(6.0, 0.0)	(7.0, 0.0)	(8.0, 0.0)	(9.0, 0.0)	(10.0, 0.0)	(11.0, 0.0)	(12.0, 1.0)	(13.0, 1.0)	(14.0, 9.0)	(15.0, 45.0)	(16.0, 146.0)	(17.0, 469.0)	(18.0, 1285.0)	(19.0, 3081.0)	(20.0, 7268.0)	(21.0, 15439.0)	(22.0, 28905.0)	(23.0, 52894.0)	(24.0, 94052.0)	(25.0, 165278.0)	(26.0, 272241.0)	(27.0, 434710.0)	(28.0, 651877.0)	(29.0, 950645.0)	(30.0, 1296546.0)	(31.0, 1746760.0)	(32.0, 2316455.0)	(33.0, 3378032.0)	(34.0, 5800597.0)	(35.0, 14555159.0)	(36.0, 78823163.0)	(37.0, 12695749.0)
SRR14240765_2	(2.0, 11103.0)	(3.0, 426.0)	(4.0, 497.0)	(5.0, 753.0)	(6.0, 1145.0)	(7.0, 1717.0)	(8.0, 919.0)	(9.0, 799.0)	(10.0, 774.0)	(11.0, 1250.0)	(12.0, 17013.0)	(13.0, 95884.0)	(14.0, 173408.0)	(15.0, 179878.0)	(16.0, 148453.0)	(17.0, 127187.0)	(18.0, 123705.0)	(19.0, 146166.0)	(20.0, 192709.0)	(21.0, 269266.0)	(22.0, 355015.0)	(23.0, 430164.0)	(24.0, 476917.0)	(25.0, 539478.0)	(26.0, 621659.0)	(27.0, 756984.0)	(28.0, 922069.0)	(29.0, 1156551.0)	(30.0, 1454688.0)	(31.0, 1965723.0)	(32.0, 2832971.0)	(33.0, 4664618.0)	(34.0, 8702512.0)	(35.0, 21276688.0)	(36.0, 67654143.0)	(37.0, 9763251.0)
SRR14240766_1	(2.0, 453200.0)	(3.0, 0.0)	(4.0, 0.0)	(5.0, 0.0)	(6.0, 0.0)	(7.0, 0.0)	(8.0, 0.0)	(9.0, 0.0)	(10.0, 0.0)	(11.0, 0.0)	(12.0, 0.0)	(13.0, 1.0)	(14.0, 2.0)	(15.0, 45.0)	(16.0, 132.0)	(17.0, 417.0)	(18.0, 1067.0)	(19.0, 2568.0)	(20.0, 5877.0)	(21.0, 12279.0)	(22.0, 23193.0)	(23.0, 43438.0)	(24.0, 79407.0)	(25.0, 137159.0)	(26.0, 215199.0)	(27.0, 321324.0)	(28.0, 459400.0)	(29.0, 651585.0)	(30.0, 883635.0)	(31.0, 1182801.0)	(32.0, 1557416.0)	(33.0, 2238492.0)	(34.0, 3763661.0)	(35.0, 9188918.0)	(36.0, 54084528.0)	(37.0, 11966610.0)
SRR14240766_2	(2.0, 11339.0)	(3.0, 249.0)	(4.0, 341.0)	(5.0, 509.0)	(6.0, 850.0)	(7.0, 1241.0)	(8.0, 642.0)	(9.0, 517.0)	(10.0, 514.0)	(11.0, 861.0)	(12.0, 11696.0)	(13.0, 60456.0)	(14.0, 98859.0)	(15.0, 93134.0)	(16.0, 72150.0)	(17.0, 58707.0)	(18.0, 55815.0)	(19.0, 67768.0)	(20.0, 94953.0)	(21.0, 142007.0)	(22.0, 195006.0)	(23.0, 241328.0)	(24.0, 274084.0)	(25.0, 316800.0)	(26.0, 368457.0)	(27.0, 439716.0)	(28.0, 523037.0)	(29.0, 655854.0)	(30.0, 849833.0)	(31.0, 1196235.0)	(32.0, 1781935.0)	(33.0, 3006581.0)	(34.0, 5708802.0)	(35.0, 14311251.0)	(36.0, 49235275.0)	(37.0, 7395552.0)
SRR14240767_1	(2.0, 393412.0)	(3.0, 0.0)	(4.0, 0.0)	(5.0, 0.0)	(6.0, 0.0)	(7.0, 0.0)	(8.0, 0.0)	(9.0, 0.0)	(10.0, 0.0)	(11.0, 0.0)	(12.0, 0.0)	(13.0, 2.0)	(14.0, 10.0)	(15.0, 36.0)	(16.0, 117.0)	(17.0, 377.0)	(18.0, 965.0)	(19.0, 2364.0)	(20.0, 5356.0)	(21.0, 11241.0)	(22.0, 21241.0)	(23.0, 39214.0)	(24.0, 69890.0)	(25.0, 123805.0)	(26.0, 202044.0)	(27.0, 320109.0)	(28.0, 476285.0)	(29.0, 687595.0)	(30.0, 933531.0)	(31.0, 1249128.0)	(32.0, 1648266.0)	(33.0, 2386983.0)	(34.0, 4079797.0)	(35.0, 10104295.0)	(36.0, 53479115.0)	(37.0, 9116627.0)
SRR14240767_2	(2.0, 1197.0)	(3.0, 231.0)	(4.0, 339.0)	(5.0, 530.0)	(6.0, 813.0)	(7.0, 1118.0)	(8.0, 645.0)	(9.0, 513.0)	(10.0, 567.0)	(11.0, 747.0)	(12.0, 9184.0)	(13.0, 48838.0)	(14.0, 82657.0)	(15.0, 80787.0)	(16.0, 63965.0)	(17.0, 53925.0)	(18.0, 52237.0)	(19.0, 62672.0)	(20.0, 85784.0)	(21.0, 127647.0)	(22.0, 181474.0)	(23.0, 242263.0)	(24.0, 299614.0)	(25.0, 373188.0)	(26.0, 451915.0)	(27.0, 563883.0)	(28.0, 705711.0)	(29.0, 911233.0)	(30.0, 1190358.0)	(31.0, 1664125.0)	(32.0, 2462699.0)	(33.0, 4095652.0)	(34.0, 7626348.0)	(35.0, 17828075.0)	(36.0, 41659826.0)	(37.0, 4421045.0)
SRR14240768_1	(2.0, 370118.0)	(3.0, 0.0)	(4.0, 0.0)	(5.0, 0.0)	(6.0, 0.0)	(7.0, 0.0)	(8.0, 0.0)	(9.0, 0.0)	(10.0, 0.0)	(11.0, 0.0)	(12.0, 0.0)	(13.0, 0.0)	(14.0, 2.0)	(15.0, 20.0)	(16.0, 60.0)	(17.0, 203.0)	(18.0, 590.0)	(19.0, 1444.0)	(20.0, 3289.0)	(21.0, 6978.0)	(22.0, 12853.0)	(23.0, 22839.0)	(24.0, 40450.0)	(25.0, 71115.0)	(26.0, 117926.0)	(27.0, 192439.0)	(28.0, 291757.0)	(29.0, 430465.0)	(30.0, 593961.0)	(31.0, 804875.0)	(32.0, 1076137.0)	(33.0, 1577284.0)	(34.0, 2708886.0)	(35.0, 6733597.0)	(36.0, 37549086.0)	(37.0, 7120499.0)
SRR14240768_2	(2.0, 9197.0)	(3.0, 194.0)	(4.0, 244.0)	(5.0, 382.0)	(6.0, 603.0)	(7.0, 814.0)	(8.0, 444.0)	(9.0, 361.0)	(10.0, 402.0)	(11.0, 584.0)	(12.0, 7770.0)	(13.0, 39478.0)	(14.0, 66244.0)	(15.0, 64851.0)	(16.0, 53645.0)	(17.0, 46430.0)	(18.0, 45710.0)	(19.0, 55106.0)	(20.0, 72608.0)	(21.0, 102530.0)	(22.0, 137143.0)	(23.0, 175717.0)	(24.0, 211973.0)	(25.0, 258938.0)	(26.0, 312713.0)	(27.0, 392399.0)	(28.0, 493721.0)	(29.0, 644686.0)	(30.0, 849399.0)	(31.0, 1194822.0)	(32.0, 1769142.0)	(33.0, 2940709.0)	(34.0, 5399350.0)	(35.0, 12245168.0)	(36.0, 28867418.0)	(37.0, 3265978.0)
SRR14240769_1	(2.0, 1869940.0)	(3.0, 0.0)	(4.0, 0.0)	(5.0, 0.0)	(6.0, 0.0)	(7.0, 0.0)	(8.0, 0.0)	(9.0, 0.0)	(10.0, 0.0)	(11.0, 0.0)	(12.0, 0.0)	(13.0, 0.0)	(14.0, 8.0)	(15.0, 39.0)	(16.0, 112.0)	(17.0, 421.0)	(18.0, 1137.0)	(19.0, 3092.0)	(20.0, 7101.0)	(21.0, 15215.0)	(22.0, 28360.0)	(23.0, 52855.0)	(24.0, 94844.0)	(25.0, 164477.0)	(26.0, 265596.0)	(27.0, 413671.0)	(28.0, 611316.0)	(29.0, 881705.0)	(30.0, 1201280.0)	(31.0, 1610111.0)	(32.0, 2121490.0)	(33.0, 3065810.0)	(34.0, 5173818.0)	(35.0, 12740064.0)	(36.0, 73705605.0)	(37.0, 15260302.0)
SRR14240769_2	(2.0, 13719.0)	(3.0, 372.0)	(4.0, 456.0)	(5.0, 681.0)	(6.0, 1042.0)	(7.0, 1645.0)	(8.0, 925.0)	(9.0, 767.0)	(10.0, 724.0)	(11.0, 1039.0)	(12.0, 11529.0)	(13.0, 62063.0)	(14.0, 106922.0)	(15.0, 104940.0)	(16.0, 83506.0)	(17.0, 75480.0)	(18.0, 83476.0)	(19.0, 110421.0)	(20.0, 158170.0)	(21.0, 232561.0)	(22.0, 328316.0)	(23.0, 434077.0)	(24.0, 528110.0)	(25.0, 647289.0)	(26.0, 773980.0)	(27.0, 840856.0)	(28.0, 845559.0)	(29.0, 960240.0)	(30.0, 1233849.0)	(31.0, 1752250.0)	(32.0, 2625062.0)	(33.0, 4414668.0)	(34.0, 8317838.0)	(35.0, 20326460.0)	(36.0, 65108947.0)	(37.0, 9100430.0)
SRR14240770_1	(2.0, 1709524.0)	(3.0, 0.0)	(4.0, 0.0)	(5.0, 0.0)	(6.0, 0.0)	(7.0, 0.0)	(8.0, 0.0)	(9.0, 0.0)	(10.0, 0.0)	(11.0, 0.0)	(12.0, 0.0)	(13.0, 1.0)	(14.0, 5.0)	(15.0, 30.0)	(16.0, 96.0)	(17.0, 370.0)	(18.0, 996.0)	(19.0, 2526.0)	(20.0, 6104.0)	(21.0, 12742.0)	(22.0, 23854.0)	(23.0, 41612.0)	(24.0, 69910.0)	(25.0, 117982.0)	(26.0, 187759.0)	(27.0, 292898.0)	(28.0, 434817.0)	(29.0, 630613.0)	(30.0, 861870.0)	(31.0, 1160726.0)	(32.0, 1536841.0)	(33.0, 2224502.0)	(34.0, 3786612.0)	(35.0, 9329826.0)	(36.0, 52026693.0)	(37.0, 10735912.0)
SRR14240770_2	(2.0, 41883.0)	(3.0, 264.0)	(4.0, 351.0)	(5.0, 482.0)	(6.0, 835.0)	(7.0, 1154.0)	(8.0, 623.0)	(9.0, 509.0)	(10.0, 488.0)	(11.0, 927.0)	(12.0, 15243.0)	(13.0, 75087.0)	(14.0, 123391.0)	(15.0, 121868.0)	(16.0, 100457.0)	(17.0, 87575.0)	(18.0, 86553.0)	(19.0, 101313.0)	(20.0, 131822.0)	(21.0, 186802.0)	(22.0, 251465.0)	(23.0, 317990.0)	(24.0, 372029.0)	(25.0, 439112.0)	(26.0, 517632.0)	(27.0, 638019.0)	(28.0, 767336.0)	(29.0, 927937.0)	(30.0, 1114128.0)	(31.0, 1462716.0)	(32.0, 2098012.0)	(33.0, 3470766.0)	(34.0, 6504738.0)	(35.0, 15731810.0)	(36.0, 43766212.0)	(37.0, 5737292.0)
SRR14240771_1	(2.0, 2052867.0)	(3.0, 0.0)	(4.0, 0.0)	(5.0, 0.0)	(6.0, 0.0)	(7.0, 0.0)	(8.0, 0.0)	(9.0, 0.0)	(10.0, 0.0)	(11.0, 0.0)	(12.0, 0.0)	(13.0, 2.0)	(14.0, 5.0)	(15.0, 33.0)	(16.0, 118.0)	(17.0, 400.0)	(18.0, 1143.0)	(19.0, 3017.0)	(20.0, 6517.0)	(21.0, 12806.0)	(22.0, 22317.0)	(23.0, 37652.0)	(24.0, 61893.0)	(25.0, 103469.0)	(26.0, 163703.0)	(27.0, 256301.0)	(28.0, 373747.0)	(29.0, 534162.0)	(30.0, 724504.0)	(31.0, 972823.0)	(32.0, 1286449.0)	(33.0, 1893816.0)	(34.0, 3278238.0)	(35.0, 8178108.0)	(36.0, 40713019.0)	(37.0, 6094331.0)
SRR14240771_2	(2.0, 4335.0)	(3.0, 219.0)	(4.0, 273.0)	(5.0, 386.0)	(6.0, 595.0)	(7.0, 939.0)	(8.0, 461.0)	(9.0, 432.0)	(10.0, 380.0)	(11.0, 617.0)	(12.0, 6509.0)	(13.0, 39372.0)	(14.0, 74619.0)	(15.0, 82456.0)	(16.0, 74837.0)	(17.0, 73358.0)	(18.0, 79227.0)	(19.0, 96164.0)	(20.0, 124556.0)	(21.0, 173531.0)	(22.0, 238346.0)	(23.0, 308389.0)	(24.0, 357940.0)	(25.0, 413957.0)	(26.0, 483610.0)	(27.0, 552029.0)	(28.0, 576695.0)	(29.0, 606611.0)	(30.0, 684754.0)	(31.0, 895927.0)	(32.0, 1309148.0)	(33.0, 2217616.0)	(34.0, 4230639.0)	(35.0, 10562163.0)	(36.0, 37166671.0)	(37.0, 5333679.0)
SRR14240772_1	(2.0, 1756543.0)	(3.0, 0.0)	(4.0, 0.0)	(5.0, 0.0)	(6.0, 0.0)	(7.0, 0.0)	(8.0, 0.0)	(9.0, 0.0)	(10.0, 0.0)	(11.0, 0.0)	(12.0, 0.0)	(13.0, 2.0)	(14.0, 9.0)	(15.0, 51.0)	(16.0, 193.0)	(17.0, 608.0)	(18.0, 1458.0)	(19.0, 3389.0)	(20.0, 7150.0)	(21.0, 14149.0)	(22.0, 25390.0)	(23.0, 44569.0)	(24.0, 74428.0)	(25.0, 126632.0)	(26.0, 202101.0)	(27.0, 312169.0)	(28.0, 457952.0)	(29.0, 659131.0)	(30.0, 894488.0)	(31.0, 1202074.0)	(32.0, 1591303.0)	(33.0, 2314693.0)	(34.0, 3954380.0)	(35.0, 9821620.0)	(36.0, 53811693.0)	(37.0, 9250525.0)
SRR14240772_2	(2.0, 17985.0)	(3.0, 241.0)	(4.0, 344.0)	(5.0, 519.0)	(6.0, 817.0)	(7.0, 1175.0)	(8.0, 644.0)	(9.0, 624.0)	(10.0, 548.0)	(11.0, 1022.0)	(12.0, 18314.0)	(13.0, 89545.0)	(14.0, 145616.0)	(15.0, 143704.0)	(16.0, 120402.0)	(17.0, 108125.0)	(18.0, 109354.0)	(19.0, 130478.0)	(20.0, 166979.0)	(21.0, 225497.0)	(22.0, 292555.0)	(23.0, 360845.0)	(24.0, 418698.0)	(25.0, 495784.0)	(26.0, 579623.0)	(27.0, 713665.0)	(28.0, 885384.0)	(29.0, 1103050.0)	(30.0, 1339280.0)	(31.0, 1750352.0)	(32.0, 2493483.0)	(33.0, 4103885.0)	(34.0, 7592004.0)	(35.0, 17633638.0)	(36.0, 41085945.0)	(37.0, 4396576.0)
SRR14240773_1	(2.0, 1216660.0)	(3.0, 0.0)	(4.0, 0.0)	(5.0, 0.0)	(6.0, 0.0)	(7.0, 0.0)	(8.0, 0.0)	(9.0, 0.0)	(10.0, 0.0)	(11.0, 0.0)	(12.0, 0.0)	(13.0, 2.0)	(14.0, 11.0)	(15.0, 43.0)	(16.0, 185.0)	(17.0, 557.0)	(18.0, 1219.0)	(19.0, 2990.0)	(20.0, 6112.0)	(21.0, 12365.0)	(22.0, 22841.0)	(23.0, 41451.0)	(24.0, 71136.0)	(25.0, 121282.0)	(26.0, 193928.0)	(27.0, 302494.0)	(28.0, 446933.0)	(29.0, 651370.0)	(30.0, 893251.0)	(31.0, 1209802.0)	(32.0, 1603605.0)	(33.0, 2333012.0)	(34.0, 3982265.0)	(35.0, 9855527.0)	(36.0, 54791293.0)	(37.0, 10477366.0)
SRR14240773_2	(2.0, 4981.0)	(3.0, 288.0)	(4.0, 346.0)	(5.0, 538.0)	(6.0, 857.0)	(7.0, 1208.0)	(8.0, 675.0)	(9.0, 564.0)	(10.0, 579.0)	(11.0, 1218.0)	(12.0, 25175.0)	(13.0, 111650.0)	(14.0, 164396.0)	(15.0, 150419.0)	(16.0, 117782.0)	(17.0, 98288.0)	(18.0, 93066.0)	(19.0, 106944.0)	(20.0, 137069.0)	(21.0, 191011.0)	(22.0, 259334.0)	(23.0, 337160.0)	(24.0, 404958.0)	(25.0, 490732.0)	(26.0, 585709.0)	(27.0, 734687.0)	(28.0, 912164.0)	(29.0, 1140049.0)	(30.0, 1406653.0)	(31.0, 1899302.0)	(32.0, 2764381.0)	(33.0, 4557111.0)	(34.0, 8404063.0)	(35.0, 19069148.0)	(36.0, 40065041.0)	(37.0, 4000154.0)
SRR14240774_1	(2.0, 375212.0)	(3.0, 0.0)	(4.0, 0.0)	(5.0, 0.0)	(6.0, 0.0)	(7.0, 0.0)	(8.0, 0.0)	(9.0, 0.0)	(10.0, 0.0)	(11.0, 0.0)	(12.0, 0.0)	(13.0, 0.0)	(14.0, 2.0)	(15.0, 10.0)	(16.0, 55.0)	(17.0, 173.0)	(18.0, 416.0)	(19.0, 1005.0)	(20.0, 2025.0)	(21.0, 4109.0)	(22.0, 7330.0)	(23.0, 12752.0)	(24.0, 21530.0)	(25.0, 36955.0)	(26.0, 59050.0)	(27.0, 93302.0)	(28.0, 138331.0)	(29.0, 201582.0)	(30.0, 276985.0)	(31.0, 377827.0)	(32.0, 506373.0)	(33.0, 748585.0)	(34.0, 1295186.0)	(35.0, 3206583.0)	(36.0, 16883584.0)	(37.0, 3168936.0)
SRR14240774_2	(2.0, 3883.0)	(3.0, 73.0)	(4.0, 90.0)	(5.0, 138.0)	(6.0, 260.0)	(7.0, 345.0)	(8.0, 214.0)	(9.0, 190.0)	(10.0, 152.0)	(11.0, 237.0)	(12.0, 2708.0)	(13.0, 15219.0)	(14.0, 27825.0)	(15.0, 28357.0)	(16.0, 23185.0)	(17.0, 19787.0)	(18.0, 19696.0)	(19.0, 23739.0)	(20.0, 31951.0)	(21.0, 46279.0)	(22.0, 64246.0)	(23.0, 82442.0)	(24.0, 97163.0)	(25.0, 116432.0)	(26.0, 139988.0)	(27.0, 172865.0)	(28.0, 205355.0)	(29.0, 248215.0)	(30.0, 305026.0)	(31.0, 416744.0)	(32.0, 616626.0)	(33.0, 1037721.0)	(34.0, 1959770.0)	(35.0, 4794264.0)	(36.0, 14939499.0)	(37.0, 1977214.0)
SRR14240775_1	(2.0, 2387773.0)	(3.0, 0.0)	(4.0, 0.0)	(5.0, 0.0)	(6.0, 0.0)	(7.0, 0.0)	(8.0, 0.0)	(9.0, 0.0)	(10.0, 0.0)	(11.0, 0.0)	(12.0, 0.0)	(13.0, 1.0)	(14.0, 23.0)	(15.0, 109.0)	(16.0, 327.0)	(17.0, 863.0)	(18.0, 2028.0)	(19.0, 4543.0)	(20.0, 9669.0)	(21.0, 19454.0)	(22.0, 36030.0)	(23.0, 63166.0)	(24.0, 105145.0)	(25.0, 177164.0)	(26.0, 280026.0)	(27.0, 438355.0)	(28.0, 644053.0)	(29.0, 928836.0)	(30.0, 1267651.0)	(31.0, 1703769.0)	(32.0, 2243733.0)	(33.0, 3239262.0)	(34.0, 5469728.0)	(35.0, 13262542.0)	(36.0, 76914724.0)	(37.0, 17038890.0)
SRR14240775_2	(2.0, 6103.0)	(3.0, 369.0)	(4.0, 465.0)	(5.0, 729.0)	(6.0, 1165.0)	(7.0, 1680.0)	(8.0, 876.0)	(9.0, 827.0)	(10.0, 794.0)	(11.0, 1506.0)	(12.0, 29212.0)	(13.0, 149171.0)	(14.0, 249334.0)	(15.0, 245237.0)	(16.0, 197038.0)	(17.0, 167559.0)	(18.0, 161852.0)	(19.0, 188438.0)	(20.0, 244255.0)	(21.0, 338861.0)	(22.0, 442371.0)	(23.0, 534939.0)	(24.0, 592666.0)	(25.0, 669961.0)	(26.0, 769134.0)	(27.0, 931377.0)	(28.0, 1090746.0)	(29.0, 1290840.0)	(30.0, 1540657.0)	(31.0, 2007531.0)	(32.0, 2853653.0)	(33.0, 4681447.0)	(34.0, 8748693.0)	(35.0, 21623196.0)	(36.0, 67487622.0)	(37.0, 8987560.0)
SRR14240776_1	(2.0, 525815.0)	(3.0, 0.0)	(4.0, 0.0)	(5.0, 0.0)	(6.0, 0.0)	(7.0, 0.0)	(8.0, 0.0)	(9.0, 0.0)	(10.0, 0.0)	(11.0, 0.0)	(12.0, 0.0)	(13.0, 3.0)	(14.0, 22.0)	(15.0, 90.0)	(16.0, 323.0)	(17.0, 828.0)	(18.0, 1884.0)	(19.0, 3799.0)	(20.0, 7837.0)	(21.0, 15229.0)	(22.0, 27625.0)	(23.0, 48882.0)	(24.0, 83615.0)	(25.0, 142218.0)	(26.0, 225102.0)	(27.0, 347666.0)	(28.0, 507623.0)	(29.0, 727733.0)	(30.0, 992701.0)	(31.0, 1329938.0)	(32.0, 1754947.0)	(33.0, 2539784.0)	(34.0, 4311934.0)	(35.0, 10677776.0)	(36.0, 60897196.0)	(37.0, 12076426.0)
SRR14240776_2	(2.0, 4091.0)	(3.0, 290.0)	(4.0, 349.0)	(5.0, 621.0)	(6.0, 901.0)	(7.0, 1386.0)	(8.0, 735.0)	(9.0, 628.0)	(10.0, 576.0)	(11.0, 1057.0)	(12.0, 16160.0)	(13.0, 78316.0)	(14.0, 119698.0)	(15.0, 108205.0)	(16.0, 79129.0)	(17.0, 62336.0)	(18.0, 59114.0)	(19.0, 70099.0)	(20.0, 96965.0)	(21.0, 146390.0)	(22.0, 213533.0)	(23.0, 280470.0)	(24.0, 332961.0)	(25.0, 392201.0)	(26.0, 461699.0)	(27.0, 525686.0)	(28.0, 594609.0)	(29.0, 744230.0)	(30.0, 981397.0)	(31.0, 1395619.0)	(32.0, 2079562.0)	(33.0, 3477732.0)	(34.0, 6547692.0)	(35.0, 16219968.0)	(36.0, 53971968.0)	(37.0, 8180623.0)
SRR14240777_1	(2.0, 1039256.0)	(3.0, 0.0)	(4.0, 0.0)	(5.0, 0.0)	(6.0, 0.0)	(7.0, 0.0)	(8.0, 0.0)	(9.0, 0.0)	(10.0, 0.0)	(11.0, 0.0)	(12.0, 0.0)	(13.0, 2.0)	(14.0, 12.0)	(15.0, 57.0)	(16.0, 185.0)	(17.0, 600.0)	(18.0, 1365.0)	(19.0, 3169.0)	(20.0, 6916.0)	(21.0, 13842.0)	(22.0, 26122.0)	(23.0, 46949.0)	(24.0, 80903.0)	(25.0, 137258.0)	(26.0, 214185.0)	(27.0, 322071.0)	(28.0, 459035.0)	(29.0, 651110.0)	(30.0, 880635.0)	(31.0, 1176350.0)	(32.0, 1545254.0)	(33.0, 2212161.0)	(34.0, 3704154.0)	(35.0, 8960428.0)	(36.0, 52931260.0)	(37.0, 11679949.0)
SRR14240777_2	(2.0, 22387.0)	(3.0, 272.0)	(4.0, 332.0)	(5.0, 547.0)	(6.0, 861.0)	(7.0, 1173.0)	(8.0, 646.0)	(9.0, 560.0)	(10.0, 494.0)	(11.0, 806.0)	(12.0, 9427.0)	(13.0, 52432.0)	(14.0, 92944.0)	(15.0, 94937.0)	(16.0, 79984.0)	(17.0, 72670.0)	(18.0, 75461.0)	(19.0, 93176.0)	(20.0, 126714.0)	(21.0, 186036.0)	(22.0, 259833.0)	(23.0, 330491.0)	(24.0, 383988.0)	(25.0, 457812.0)	(26.0, 532236.0)	(27.0, 565074.0)	(28.0, 574765.0)	(29.0, 676148.0)	(30.0, 871518.0)	(31.0, 1218052.0)	(32.0, 1790290.0)	(33.0, 2973574.0)	(34.0, 5576257.0)	(35.0, 13895393.0)	(36.0, 48413322.0)	(37.0, 6662616.0)
SRR14240778_1	(2.0, 1199322.0)	(3.0, 0.0)	(4.0, 0.0)	(5.0, 0.0)	(6.0, 0.0)	(7.0, 0.0)	(8.0, 0.0)	(9.0, 0.0)	(10.0, 0.0)	(11.0, 0.0)	(12.0, 0.0)	(13.0, 1.0)	(14.0, 7.0)	(15.0, 46.0)	(16.0, 118.0)	(17.0, 395.0)	(18.0, 1039.0)	(19.0, 2544.0)	(20.0, 5568.0)	(21.0, 11768.0)	(22.0, 22451.0)	(23.0, 40698.0)	(24.0, 71874.0)	(25.0, 123938.0)	(26.0, 198871.0)	(27.0, 307185.0)	(28.0, 450700.0)	(29.0, 653232.0)	(30.0, 891318.0)	(31.0, 1202914.0)	(32.0, 1594794.0)	(33.0, 2319221.0)	(34.0, 3960432.0)	(35.0, 9824528.0)	(36.0, 56277742.0)	(37.0, 11158463.0)
SRR14240778_2	(2.0, 12510.0)	(3.0, 275.0)	(4.0, 352.0)	(5.0, 502.0)	(6.0, 764.0)	(7.0, 1227.0)	(8.0, 684.0)	(9.0, 569.0)	(10.0, 558.0)	(11.0, 980.0)	(12.0, 17366.0)	(13.0, 84121.0)	(14.0, 135066.0)	(15.0, 128879.0)	(16.0, 101517.0)	(17.0, 85068.0)	(18.0, 82353.0)	(19.0, 95585.0)	(20.0, 124514.0)	(21.0, 176191.0)	(22.0, 240532.0)	(23.0, 307200.0)	(24.0, 366175.0)	(25.0, 440258.0)	(26.0, 526275.0)	(27.0, 650533.0)	(28.0, 765395.0)	(29.0, 903840.0)	(30.0, 1107393.0)	(31.0, 1511150.0)	(32.0, 2225299.0)	(33.0, 3713605.0)	(34.0, 6985600.0)	(35.0, 16952170.0)	(36.0, 46885050.0)	(37.0, 5689613.0)
SRR14240779_1	(2.0, 1415794.0)	(3.0, 0.0)	(4.0, 0.0)	(5.0, 0.0)	(6.0, 0.0)	(7.0, 0.0)	(8.0, 0.0)	(9.0, 0.0)	(10.0, 0.0)	(11.0, 0.0)	(12.0, 0.0)	(13.0, 2.0)	(14.0, 14.0)	(15.0, 66.0)	(16.0, 185.0)	(17.0, 557.0)	(18.0, 1379.0)	(19.0, 3521.0)	(20.0, 7793.0)	(21.0, 16238.0)	(22.0, 31213.0)	(23.0, 55624.0)	(24.0, 96715.0)	(25.0, 166967.0)	(26.0, 267102.0)	(27.0, 415125.0)	(28.0, 612478.0)	(29.0, 885940.0)	(30.0, 1204834.0)	(31.0, 1619122.0)	(32.0, 2133003.0)	(33.0, 3084938.0)	(34.0, 5224511.0)	(35.0, 12926467.0)	(36.0, 76076530.0)	(37.0, 16023168.0)
SRR14240779_2	(2.0, 9394.0)	(3.0, 378.0)	(4.0, 472.0)	(5.0, 770.0)	(6.0, 1068.0)	(7.0, 1691.0)	(8.0, 860.0)	(9.0, 754.0)	(10.0, 722.0)	(11.0, 1290.0)	(12.0, 20398.0)	(13.0, 114705.0)	(14.0, 198806.0)	(15.0, 191637.0)	(16.0, 149788.0)	(17.0, 126763.0)	(18.0, 126693.0)	(19.0, 152002.0)	(20.0, 209705.0)	(21.0, 305182.0)	(22.0, 411553.0)	(23.0, 489263.0)	(24.0, 526996.0)	(25.0, 584042.0)	(26.0, 631536.0)	(27.0, 672543.0)	(28.0, 717080.0)	(29.0, 852648.0)	(30.0, 1093577.0)	(31.0, 1536927.0)	(32.0, 2288133.0)	(33.0, 3852118.0)	(34.0, 7327001.0)	(35.0, 18448997.0)	(36.0, 69639911.0)	(37.0, 11583883.0)
SRR14240780_1	(2.0, 2353872.0)	(3.0, 0.0)	(4.0, 0.0)	(5.0, 0.0)	(6.0, 0.0)	(7.0, 0.0)	(8.0, 0.0)	(9.0, 0.0)	(10.0, 0.0)	(11.0, 0.0)	(12.0, 0.0)	(13.0, 4.0)	(14.0, 15.0)	(15.0, 67.0)	(16.0, 249.0)	(17.0, 733.0)	(18.0, 1786.0)	(19.0, 4371.0)	(20.0, 9340.0)	(21.0, 18343.0)	(22.0, 33411.0)	(23.0, 57680.0)	(24.0, 93906.0)	(25.0, 155563.0)	(26.0, 246009.0)	(27.0, 385288.0)	(28.0, 573497.0)	(29.0, 835270.0)	(30.0, 1147524.0)	(31.0, 1553579.0)	(32.0, 2068674.0)	(33.0, 3026897.0)	(34.0, 5205588.0)	(35.0, 13061611.0)	(36.0, 71965613.0)	(37.0, 12342990.0)
SRR14240780_2	(2.0, 18452.0)	(3.0, 336.0)	(4.0, 451.0)	(5.0, 686.0)	(6.0, 1065.0)	(7.0, 1635.0)	(8.0, 798.0)	(9.0, 701.0)	(10.0, 752.0)	(11.0, 1240.0)	(12.0, 21647.0)	(13.0, 102210.0)	(14.0, 160451.0)	(15.0, 152498.0)	(16.0, 125242.0)	(17.0, 115967.0)	(18.0, 123915.0)	(19.0, 153547.0)	(20.0, 203035.0)	(21.0, 285636.0)	(22.0, 388045.0)	(23.0, 498798.0)	(24.0, 590836.0)	(25.0, 702771.0)	(26.0, 849069.0)	(27.0, 1015000.0)	(28.0, 1078286.0)	(29.0, 1164879.0)	(30.0, 1422440.0)	(31.0, 1988359.0)	(32.0, 2960135.0)	(33.0, 4950798.0)	(34.0, 9266316.0)	(35.0, 22152096.0)	(36.0, 57955154.0)	(37.0, 6688634.0)
SRR14240781_1	(2.0, 2386179.0)	(3.0, 0.0)	(4.0, 0.0)	(5.0, 0.0)	(6.0, 0.0)	(7.0, 0.0)	(8.0, 0.0)	(9.0, 0.0)	(10.0, 0.0)	(11.0, 0.0)	(12.0, 0.0)	(13.0, 1.0)	(14.0, 6.0)	(15.0, 52.0)	(16.0, 191.0)	(17.0, 589.0)	(18.0, 1444.0)	(19.0, 3351.0)	(20.0, 7101.0)	(21.0, 13844.0)	(22.0, 24115.0)	(23.0, 40942.0)	(24.0, 68820.0)	(25.0, 116087.0)	(26.0, 180989.0)	(27.0, 275944.0)	(28.0, 398652.0)	(29.0, 566482.0)	(30.0, 766740.0)	(31.0, 1024700.0)	(32.0, 1354136.0)	(33.0, 1954984.0)	(34.0, 3323460.0)	(35.0, 8170152.0)	(36.0, 46248207.0)	(37.0, 9702098.0)
SRR14240781_2	(2.0, 17087.0)	(3.0, 217.0)	(4.0, 298.0)	(5.0, 447.0)	(6.0, 690.0)	(7.0, 1098.0)	(8.0, 544.0)	(9.0, 450.0)	(10.0, 475.0)	(11.0, 760.0)	(12.0, 11424.0)	(13.0, 61615.0)	(14.0, 105115.0)	(15.0, 105932.0)	(16.0, 90316.0)	(17.0, 85672.0)	(18.0, 91982.0)	(19.0, 113110.0)	(20.0, 148938.0)	(21.0, 210580.0)	(22.0, 286222.0)	(23.0, 363695.0)	(24.0, 420651.0)	(25.0, 492923.0)	(26.0, 585556.0)	(27.0, 696799.0)	(28.0, 735652.0)	(29.0, 751666.0)	(30.0, 817565.0)	(31.0, 1057092.0)	(32.0, 1530602.0)	(33.0, 2556035.0)	(34.0, 4841921.0)	(35.0, 12148694.0)	(36.0, 41846044.0)	(37.0, 6451399.0)
SRR14240782_1	(2.0, 1116803.0)	(3.0, 0.0)	(4.0, 0.0)	(5.0, 0.0)	(6.0, 0.0)	(7.0, 0.0)	(8.0, 0.0)	(9.0, 0.0)	(10.0, 0.0)	(11.0, 0.0)	(12.0, 0.0)	(13.0, 1.0)	(14.0, 7.0)	(15.0, 44.0)	(16.0, 113.0)	(17.0, 374.0)	(18.0, 990.0)	(19.0, 2473.0)	(20.0, 5388.0)	(21.0, 11252.0)	(22.0, 20539.0)	(23.0, 36992.0)	(24.0, 64510.0)	(25.0, 111516.0)	(26.0, 180758.0)	(27.0, 285115.0)	(28.0, 417359.0)	(29.0, 603503.0)	(30.0, 817326.0)	(31.0, 1099848.0)	(32.0, 1462365.0)	(33.0, 2129409.0)	(34.0, 3658319.0)	(35.0, 9067438.0)	(36.0, 49721666.0)	(37.0, 8995557.0)
SRR14240782_2	(2.0, 26600.0)	(3.0, 234.0)	(4.0, 282.0)	(5.0, 475.0)	(6.0, 676.0)	(7.0, 1051.0)	(8.0, 592.0)	(9.0, 502.0)	(10.0, 450.0)	(11.0, 653.0)	(12.0, 6252.0)	(13.0, 36682.0)	(14.0, 69532.0)	(15.0, 73913.0)	(16.0, 65957.0)	(17.0, 66827.0)	(18.0, 75353.0)	(19.0, 95796.0)	(20.0, 128567.0)	(21.0, 178870.0)	(22.0, 235898.0)	(23.0, 291076.0)	(24.0, 333921.0)	(25.0, 381166.0)	(26.0, 401813.0)	(27.0, 422760.0)	(28.0, 463414.0)	(29.0, 569527.0)	(30.0, 747651.0)	(31.0, 1063436.0)	(32.0, 1602725.0)	(33.0, 2712651.0)	(34.0, 5163913.0)	(35.0, 12899446.0)	(36.0, 45031530.0)	(37.0, 6659474.0)
SRR14240783_1	(2.0, 512685.0)	(3.0, 0.0)	(4.0, 0.0)	(5.0, 0.0)	(6.0, 0.0)	(7.0, 0.0)	(8.0, 0.0)	(9.0, 0.0)	(10.0, 0.0)	(11.0, 0.0)	(12.0, 0.0)	(13.0, 3.0)	(14.0, 9.0)	(15.0, 32.0)	(16.0, 117.0)	(17.0, 363.0)	(18.0, 1019.0)	(19.0, 2490.0)	(20.0, 5852.0)	(21.0, 12316.0)	(22.0, 23253.0)	(23.0, 42969.0)	(24.0, 75676.0)	(25.0, 130404.0)	(26.0, 205340.0)	(27.0, 313700.0)	(28.0, 452117.0)	(29.0, 640934.0)	(30.0, 864557.0)	(31.0, 1153382.0)	(32.0, 1521829.0)	(33.0, 2205850.0)	(34.0, 3767960.0)	(35.0, 9338208.0)	(36.0, 51975378.0)	(37.0, 9594739.0)
SRR14240783_2	(2.0, 4145.0)	(3.0, 250.0)	(4.0, 328.0)	(5.0, 479.0)	(6.0, 714.0)	(7.0, 1200.0)	(8.0, 553.0)	(9.0, 497.0)	(10.0, 475.0)	(11.0, 751.0)	(12.0, 9448.0)	(13.0, 50700.0)	(14.0, 87388.0)	(15.0, 86935.0)	(16.0, 70259.0)	(17.0, 58406.0)	(18.0, 55486.0)	(19.0, 63332.0)	(20.0, 84047.0)	(21.0, 123639.0)	(22.0, 176958.0)	(23.0, 230972.0)	(24.0, 272099.0)	(25.0, 318717.0)	(26.0, 360934.0)	(27.0, 404364.0)	(28.0, 461426.0)	(29.0, 573092.0)	(30.0, 749488.0)	(31.0, 1065922.0)	(32.0, 1599925.0)	(33.0, 2708796.0)	(34.0, 5169757.0)	(35.0, 13038925.0)	(36.0, 47619403.0)	(37.0, 7391372.0)
SRR14240784_1	(2.0, 1275838.0)	(3.0, 0.0)	(4.0, 0.0)	(5.0, 0.0)	(6.0, 0.0)	(7.0, 0.0)	(8.0, 0.0)	(9.0, 0.0)	(10.0, 0.0)	(11.0, 0.0)	(12.0, 0.0)	(13.0, 1.0)	(14.0, 24.0)	(15.0, 75.0)	(16.0, 322.0)	(17.0, 827.0)	(18.0, 2099.0)	(19.0, 4939.0)	(20.0, 9721.0)	(21.0, 18847.0)	(22.0, 33357.0)	(23.0, 57387.0)	(24.0, 95252.0)	(25.0, 156696.0)	(26.0, 242382.0)	(27.0, 365498.0)	(28.0, 522456.0)	(29.0, 740816.0)	(30.0, 1000971.0)	(31.0, 1341243.0)	(32.0, 1774119.0)	(33.0, 2588751.0)	(34.0, 4446444.0)	(35.0, 11037003.0)	(36.0, 59107066.0)	(37.0, 9624979.0)
SRR14240784_2	(2.0, 6610.0)	(3.0, 311.0)	(4.0, 371.0)	(5.0, 579.0)	(6.0, 869.0)	(7.0, 1325.0)	(8.0, 664.0)	(9.0, 574.0)	(10.0, 574.0)	(11.0, 961.0)	(12.0, 16567.0)	(13.0, 79707.0)	(14.0, 122497.0)	(15.0, 112607.0)	(16.0, 87059.0)	(17.0, 74339.0)	(18.0, 76206.0)	(19.0, 92176.0)	(20.0, 125569.0)	(21.0, 184530.0)	(22.0, 259783.0)	(23.0, 345414.0)	(24.0, 415338.0)	(25.0, 494278.0)	(26.0, 594381.0)	(27.0, 717266.0)	(28.0, 779573.0)	(29.0, 871278.0)	(30.0, 1084816.0)	(31.0, 1529066.0)	(32.0, 2285788.0)	(33.0, 3831165.0)	(34.0, 7205201.0)	(35.0, 17460917.0)	(36.0, 49780632.0)	(37.0, 5808122.0)
SRR14240785_1	(2.0, 6454761.0)	(3.0, 0.0)	(4.0, 0.0)	(5.0, 0.0)	(6.0, 0.0)	(7.0, 0.0)	(8.0, 0.0)	(9.0, 0.0)	(10.0, 0.0)	(11.0, 0.0)	(12.0, 0.0)	(13.0, 1.0)	(14.0, 11.0)	(15.0, 31.0)	(16.0, 144.0)	(17.0, 433.0)	(18.0, 1101.0)	(19.0, 2540.0)	(20.0, 5503.0)	(21.0, 11301.0)	(22.0, 20701.0)	(23.0, 36674.0)	(24.0, 64803.0)	(25.0, 112281.0)	(26.0, 179460.0)	(27.0, 279274.0)	(28.0, 409168.0)	(29.0, 592395.0)	(30.0, 813947.0)	(31.0, 1127103.0)	(32.0, 1564573.0)	(33.0, 2392197.0)	(34.0, 4030439.0)	(35.0, 8306719.0)	(36.0, 40972261.0)	(37.0, 9318929.0)
SRR14240785_2	(2.0, 104078.0)	(3.0, 0.0)	(4.0, 0.0)	(5.0, 0.0)	(6.0, 0.0)	(7.0, 0.0)	(8.0, 0.0)	(9.0, 0.0)	(10.0, 0.0)	(11.0, 54.0)	(12.0, 3072.0)	(13.0, 23172.0)	(14.0, 56993.0)	(15.0, 76459.0)	(16.0, 79682.0)	(17.0, 93257.0)	(18.0, 121146.0)	(19.0, 166951.0)	(20.0, 225162.0)	(21.0, 310346.0)	(22.0, 419122.0)	(23.0, 582473.0)	(24.0, 783195.0)	(25.0, 1057435.0)	(26.0, 1368115.0)	(27.0, 1469390.0)	(28.0, 1063078.0)	(29.0, 737261.0)	(30.0, 729021.0)	(31.0, 1019876.0)	(32.0, 1571429.0)	(33.0, 2599483.0)	(34.0, 4431280.0)	(35.0, 9593474.0)	(36.0, 40430201.0)	(37.0, 7581545.0)
SRR14240786_1	(2.0, 594433.0)	(3.0, 0.0)	(4.0, 0.0)	(5.0, 0.0)	(6.0, 0.0)	(7.0, 0.0)	(8.0, 0.0)	(9.0, 0.0)	(10.0, 0.0)	(11.0, 0.0)	(12.0, 0.0)	(13.0, 0.0)	(14.0, 13.0)	(15.0, 56.0)	(16.0, 228.0)	(17.0, 630.0)	(18.0, 1389.0)	(19.0, 3180.0)	(20.0, 6863.0)	(21.0, 13493.0)	(22.0, 25396.0)	(23.0, 45407.0)	(24.0, 80650.0)	(25.0, 140894.0)	(26.0, 229275.0)	(27.0, 360907.0)	(28.0, 538563.0)	(29.0, 779208.0)	(30.0, 1069572.0)	(31.0, 1443527.0)	(32.0, 1918840.0)	(33.0, 2814585.0)	(34.0, 4873918.0)	(35.0, 12215970.0)	(36.0, 65735650.0)	(37.0, 11060989.0)
SRR14240786_2	(2.0, 5963.0)	(3.0, 306.0)	(4.0, 370.0)	(5.0, 589.0)	(6.0, 924.0)	(7.0, 1367.0)	(8.0, 730.0)	(9.0, 660.0)	(10.0, 595.0)	(11.0, 887.0)	(12.0, 8470.0)	(13.0, 49063.0)	(14.0, 90025.0)	(15.0, 91575.0)	(16.0, 74606.0)	(17.0, 63988.0)	(18.0, 63669.0)	(19.0, 78570.0)	(20.0, 109242.0)	(21.0, 164068.0)	(22.0, 234397.0)	(23.0, 305683.0)	(24.0, 361916.0)	(25.0, 430528.0)	(26.0, 499253.0)	(27.0, 556546.0)	(28.0, 637010.0)	(29.0, 817981.0)	(30.0, 1099394.0)	(31.0, 1581220.0)	(32.0, 2382977.0)	(33.0, 4030255.0)	(34.0, 7624570.0)	(35.0, 18788328.0)	(36.0, 57288437.0)	(37.0, 6509474.0)
SRR14240787_1	(2.0, 786546.0)	(3.0, 0.0)	(4.0, 0.0)	(5.0, 0.0)	(6.0, 0.0)	(7.0, 0.0)	(8.0, 0.0)	(9.0, 0.0)	(10.0, 0.0)	(11.0, 0.0)	(12.0, 0.0)	(13.0, 3.0)	(14.0, 15.0)	(15.0, 67.0)	(16.0, 178.0)	(17.0, 499.0)	(18.0, 1206.0)	(19.0, 2921.0)	(20.0, 6342.0)	(21.0, 13281.0)	(22.0, 25549.0)	(23.0, 48872.0)	(24.0, 90032.0)	(25.0, 162085.0)	(26.0, 267149.0)	(27.0, 420430.0)	(28.0, 621372.0)	(29.0, 894388.0)	(30.0, 1219654.0)	(31.0, 1631475.0)	(32.0, 2156034.0)	(33.0, 3112430.0)	(34.0, 5272632.0)	(35.0, 12964253.0)	(36.0, 73628228.0)	(37.0, 14769059.0)
SRR14240787_2	(2.0, 5918.0)	(3.0, 365.0)	(4.0, 466.0)	(5.0, 704.0)	(6.0, 1065.0)	(7.0, 1635.0)	(8.0, 823.0)	(9.0, 685.0)	(10.0, 696.0)	(11.0, 1150.0)	(12.0, 16822.0)	(13.0, 95916.0)	(14.0, 168369.0)	(15.0, 163712.0)	(16.0, 125995.0)	(17.0, 100866.0)	(18.0, 93098.0)	(19.0, 108465.0)	(20.0, 144823.0)	(21.0, 208212.0)	(22.0, 285120.0)	(23.0, 360750.0)	(24.0, 419498.0)	(25.0, 493628.0)	(26.0, 578836.0)	(27.0, 706189.0)	(28.0, 863469.0)	(29.0, 1100130.0)	(30.0, 1415115.0)	(31.0, 1966267.0)	(32.0, 2892452.0)	(33.0, 4803713.0)	(34.0, 8968241.0)	(35.0, 21583226.0)	(36.0, 62286225.0)	(37.0, 8132056.0)
SRR14240788_1	(2.0, 1278068.0)	(3.0, 0.0)	(4.0, 0.0)	(5.0, 0.0)	(6.0, 0.0)	(7.0, 0.0)	(8.0, 0.0)	(9.0, 0.0)	(10.0, 0.0)	(11.0, 0.0)	(12.0, 0.0)	(13.0, 1.0)	(14.0, 12.0)	(15.0, 37.0)	(16.0, 113.0)	(17.0, 323.0)	(18.0, 785.0)	(19.0, 1891.0)	(20.0, 4249.0)	(21.0, 8594.0)	(22.0, 14978.0)	(23.0, 27123.0)	(24.0, 47012.0)	(25.0, 81151.0)	(26.0, 129496.0)	(27.0, 201239.0)	(28.0, 295247.0)	(29.0, 424253.0)	(30.0, 576348.0)	(31.0, 773462.0)	(32.0, 1017529.0)	(33.0, 1469399.0)	(34.0, 2481859.0)	(35.0, 6144255.0)	(36.0, 35950865.0)	(37.0, 7724090.0)
SRR14240788_2	(2.0, 5124.0)	(3.0, 170.0)	(4.0, 210.0)	(5.0, 358.0)	(6.0, 520.0)	(7.0, 777.0)	(8.0, 413.0)	(9.0, 378.0)	(10.0, 347.0)	(11.0, 537.0)	(12.0, 8034.0)	(13.0, 45567.0)	(14.0, 79860.0)	(15.0, 77008.0)	(16.0, 60806.0)	(17.0, 52953.0)	(18.0, 55922.0)	(19.0, 70776.0)	(20.0, 97589.0)	(21.0, 141006.0)	(22.0, 192805.0)	(23.0, 241427.0)	(24.0, 276567.0)	(25.0, 319668.0)	(26.0, 379855.0)	(27.0, 462340.0)	(28.0, 511391.0)	(29.0, 536645.0)	(30.0, 605457.0)	(31.0, 807375.0)	(32.0, 1185454.0)	(33.0, 1978775.0)	(34.0, 3750186.0)	(35.0, 9394448.0)	(36.0, 32292832.0)	(37.0, 5018799.0)
SRR14240789_1	(2.0, 3878399.0)	(3.0, 0.0)	(4.0, 0.0)	(5.0, 0.0)	(6.0, 0.0)	(7.0, 0.0)	(8.0, 0.0)	(9.0, 0.0)	(10.0, 0.0)	(11.0, 0.0)	(12.0, 0.0)	(13.0, 2.0)	(14.0, 9.0)	(15.0, 79.0)	(16.0, 253.0)	(17.0, 741.0)	(18.0, 2002.0)	(19.0, 4770.0)	(20.0, 10294.0)	(21.0, 19652.0)	(22.0, 33902.0)	(23.0, 56333.0)	(24.0, 91104.0)	(25.0, 147346.0)	(26.0, 224554.0)	(27.0, 336366.0)	(28.0, 472896.0)	(29.0, 667186.0)	(30.0, 900280.0)	(31.0, 1205250.0)	(32.0, 1577263.0)	(33.0, 2260859.0)	(34.0, 3776418.0)	(35.0, 8969521.0)	(36.0, 52283613.0)	(37.0, 13885399.0)
SRR14240789_2	(2.0, 4314.0)	(3.0, 305.0)	(4.0, 364.0)	(5.0, 582.0)	(6.0, 827.0)	(7.0, 1223.0)	(8.0, 694.0)	(9.0, 591.0)	(10.0, 547.0)	(11.0, 772.0)	(12.0, 7343.0)	(13.0, 44214.0)	(14.0, 89108.0)	(15.0, 96548.0)	(16.0, 90197.0)	(17.0, 100492.0)	(18.0, 127282.0)	(19.0, 176778.0)	(20.0, 251827.0)	(21.0, 369861.0)	(22.0, 507558.0)	(23.0, 642062.0)	(24.0, 742336.0)	(25.0, 854786.0)	(26.0, 872237.0)	(27.0, 763964.0)	(28.0, 632607.0)	(29.0, 622073.0)	(30.0, 714622.0)	(31.0, 963112.0)	(32.0, 1417340.0)	(33.0, 2386162.0)	(34.0, 4578424.0)	(35.0, 11696043.0)	(36.0, 51328880.0)	(37.0, 10718416.0)
SRR14240790_1	(2.0, 1533021.0)	(3.0, 0.0)	(4.0, 0.0)	(5.0, 0.0)	(6.0, 0.0)	(7.0, 0.0)	(8.0, 0.0)	(9.0, 0.0)	(10.0, 0.0)	(11.0, 0.0)	(12.0, 1.0)	(13.0, 0.0)	(14.0, 2.0)	(15.0, 28.0)	(16.0, 98.0)	(17.0, 273.0)	(18.0, 788.0)	(19.0, 1959.0)	(20.0, 4273.0)	(21.0, 9165.0)	(22.0, 17100.0)	(23.0, 30084.0)	(24.0, 53360.0)	(25.0, 95328.0)	(26.0, 158585.0)	(27.0, 257445.0)	(28.0, 387173.0)	(29.0, 560402.0)	(30.0, 763971.0)	(31.0, 1028009.0)	(32.0, 1358383.0)	(33.0, 1978507.0)	(34.0, 3395709.0)	(35.0, 8464789.0)	(36.0, 45633354.0)	(37.0, 8224720.0)
SRR14240790_2	(2.0, 6411.0)	(3.0, 229.0)	(4.0, 269.0)	(5.0, 460.0)	(6.0, 665.0)	(7.0, 990.0)	(8.0, 525.0)	(9.0, 454.0)	(10.0, 379.0)	(11.0, 667.0)	(12.0, 6761.0)	(13.0, 42718.0)	(14.0, 83023.0)	(15.0, 90166.0)	(16.0, 79837.0)	(17.0, 76127.0)	(18.0, 81831.0)	(19.0, 100856.0)	(20.0, 132788.0)	(21.0, 184282.0)	(22.0, 240574.0)	(23.0, 290077.0)	(24.0, 319671.0)	(25.0, 367112.0)	(26.0, 425277.0)	(27.0, 501104.0)	(28.0, 564192.0)	(29.0, 650690.0)	(30.0, 780877.0)	(31.0, 1041229.0)	(32.0, 1516888.0)	(33.0, 2530303.0)	(34.0, 4760793.0)	(35.0, 11759241.0)	(36.0, 40763625.0)	(37.0, 6555436.0)
SRR14240791_1	(2.0, 1807923.0)	(3.0, 0.0)	(4.0, 0.0)	(5.0, 0.0)	(6.0, 0.0)	(7.0, 0.0)	(8.0, 0.0)	(9.0, 0.0)	(10.0, 0.0)	(11.0, 0.0)	(12.0, 0.0)	(13.0, 1.0)	(14.0, 10.0)	(15.0, 51.0)	(16.0, 231.0)	(17.0, 620.0)	(18.0, 1488.0)	(19.0, 3316.0)	(20.0, 6703.0)	(21.0, 13647.0)	(22.0, 24874.0)	(23.0, 45174.0)	(24.0, 79775.0)	(25.0, 140652.0)	(26.0, 229917.0)	(27.0, 363101.0)	(28.0, 534443.0)	(29.0, 769119.0)	(30.0, 1039149.0)	(31.0, 1394341.0)	(32.0, 1837430.0)	(33.0, 2661156.0)	(34.0, 4522516.0)	(35.0, 11164650.0)	(36.0, 62067664.0)	(37.0, 12032734.0)
SRR14240791_2	(2.0, 10696.0)	(3.0, 316.0)	(4.0, 388.0)	(5.0, 608.0)	(6.0, 936.0)	(7.0, 1335.0)	(8.0, 749.0)	(9.0, 646.0)	(10.0, 572.0)	(11.0, 993.0)	(12.0, 15134.0)	(13.0, 80275.0)	(14.0, 131269.0)	(15.0, 122259.0)	(16.0, 94541.0)	(17.0, 81752.0)	(18.0, 87530.0)	(19.0, 113643.0)	(20.0, 161261.0)	(21.0, 239010.0)	(22.0, 339739.0)	(23.0, 442675.0)	(24.0, 527005.0)	(25.0, 614880.0)	(26.0, 705446.0)	(27.0, 726155.0)	(28.0, 714258.0)	(29.0, 810614.0)	(30.0, 1038361.0)	(31.0, 1465960.0)	(32.0, 2188498.0)	(33.0, 3659903.0)	(34.0, 6866556.0)	(35.0, 16772543.0)	(36.0, 54392914.0)	(37.0, 8331265.0)
SRR14240792_1	(2.0, 10026545.0)	(3.0, 0.0)	(4.0, 0.0)	(5.0, 0.0)	(6.0, 0.0)	(7.0, 0.0)	(8.0, 0.0)	(9.0, 0.0)	(10.0, 0.0)	(11.0, 0.0)	(12.0, 1.0)	(13.0, 1.0)	(14.0, 7.0)	(15.0, 55.0)	(16.0, 165.0)	(17.0, 463.0)	(18.0, 1161.0)	(19.0, 3083.0)	(20.0, 6897.0)	(21.0, 13876.0)	(22.0, 24535.0)	(23.0, 39869.0)	(24.0, 62156.0)	(25.0, 100191.0)	(26.0, 154912.0)	(27.0, 240381.0)	(28.0, 356236.0)	(29.0, 519567.0)	(30.0, 712722.0)	(31.0, 960981.0)	(32.0, 1274347.0)	(33.0, 1845401.0)	(34.0, 3147811.0)	(35.0, 7775673.0)	(36.0, 42387598.0)	(37.0, 8375095.0)
SRR14240792_2	(2.0, 524822.0)	(3.0, 234.0)	(4.0, 334.0)	(5.0, 527.0)	(6.0, 772.0)	(7.0, 1041.0)	(8.0, 580.0)	(9.0, 490.0)	(10.0, 514.0)	(11.0, 721.0)	(12.0, 7684.0)	(13.0, 42159.0)	(14.0, 75919.0)	(15.0, 90368.0)	(16.0, 108965.0)	(17.0, 152093.0)	(18.0, 212187.0)	(19.0, 300720.0)	(20.0, 413644.0)	(21.0, 585056.0)	(22.0, 771609.0)	(23.0, 992333.0)	(24.0, 1217443.0)	(25.0, 1537615.0)	(26.0, 1869431.0)	(27.0, 1834504.0)	(28.0, 1305544.0)	(29.0, 905728.0)	(30.0, 853394.0)	(31.0, 1103448.0)	(32.0, 1620786.0)	(33.0, 2707086.0)	(34.0, 5094912.0)	(35.0, 12417802.0)	(36.0, 36130436.0)	(37.0, 5148828.0)
SRR14240793_1	(2.0, 993802.0)	(3.0, 0.0)	(4.0, 0.0)	(5.0, 0.0)	(6.0, 0.0)	(7.0, 0.0)	(8.0, 0.0)	(9.0, 0.0)	(10.0, 0.0)	(11.0, 0.0)	(12.0, 0.0)	(13.0, 1.0)	(14.0, 27.0)	(15.0, 181.0)	(16.0, 505.0)	(17.0, 1509.0)	(18.0, 3749.0)	(19.0, 8377.0)	(20.0, 17538.0)	(21.0, 34677.0)	(22.0, 60404.0)	(23.0, 105803.0)	(24.0, 179525.0)	(25.0, 292341.0)	(26.0, 435152.0)	(27.0, 633019.0)	(28.0, 886796.0)	(29.0, 1240001.0)	(30.0, 1669526.0)	(31.0, 2228625.0)	(32.0, 2926395.0)	(33.0, 4218414.0)	(34.0, 7127623.0)	(35.0, 17368053.0)	(36.0, 98651149.0)	(37.0, 21146540.0)
SRR14240793_2	(2.0, 8585.0)	(3.0, 480.0)	(4.0, 599.0)	(5.0, 965.0)	(6.0, 1508.0)	(7.0, 2274.0)	(8.0, 1185.0)	(9.0, 1002.0)	(10.0, 954.0)	(11.0, 1665.0)	(12.0, 27085.0)	(13.0, 144204.0)	(14.0, 243876.0)	(15.0, 235221.0)	(16.0, 181862.0)	(17.0, 147799.0)	(18.0, 138458.0)	(19.0, 162157.0)	(20.0, 219576.0)	(21.0, 319852.0)	(22.0, 440790.0)	(23.0, 552403.0)	(24.0, 634081.0)	(25.0, 729852.0)	(26.0, 847087.0)	(27.0, 1015298.0)	(28.0, 1175623.0)	(29.0, 1418492.0)	(30.0, 1793681.0)	(31.0, 2477019.0)	(32.0, 3630582.0)	(33.0, 6022529.0)	(34.0, 11323368.0)	(35.0, 28008378.0)	(36.0, 86818973.0)	(37.0, 11502269.0)
SRR14240794_1	(2.0, 4249339.0)	(3.0, 0.0)	(4.0, 0.0)	(5.0, 0.0)	(6.0, 0.0)	(7.0, 0.0)	(8.0, 0.0)	(9.0, 0.0)	(10.0, 0.0)	(11.0, 0.0)	(12.0, 0.0)	(13.0, 0.0)	(14.0, 3.0)	(15.0, 38.0)	(16.0, 89.0)	(17.0, 302.0)	(18.0, 851.0)	(19.0, 2054.0)	(20.0, 4373.0)	(21.0, 8723.0)	(22.0, 16512.0)	(23.0, 29744.0)	(24.0, 52414.0)	(25.0, 91411.0)	(26.0, 147942.0)	(27.0, 233229.0)	(28.0, 344894.0)	(29.0, 500827.0)	(30.0, 689042.0)	(31.0, 950294.0)	(32.0, 1309233.0)	(33.0, 1984177.0)	(34.0, 3342229.0)	(35.0, 6937773.0)	(36.0, 35575697.0)	(37.0, 8610083.0)
SRR14240794_2	(2.0, 54496.0)	(3.0, 0.0)	(4.0, 0.0)	(5.0, 0.0)	(6.0, 0.0)	(7.0, 0.0)	(8.0, 0.0)	(9.0, 0.0)	(10.0, 0.0)	(11.0, 93.0)	(12.0, 4752.0)	(13.0, 36409.0)	(14.0, 78622.0)	(15.0, 92361.0)	(16.0, 84530.0)	(17.0, 85105.0)	(18.0, 97530.0)	(19.0, 123030.0)	(20.0, 160233.0)	(21.0, 215231.0)	(22.0, 281274.0)	(23.0, 359064.0)	(24.0, 441764.0)	(25.0, 548757.0)	(26.0, 680478.0)	(27.0, 917774.0)	(28.0, 1128043.0)	(29.0, 1075574.0)	(30.0, 895603.0)	(31.0, 1014596.0)	(32.0, 1463114.0)	(33.0, 2373852.0)	(34.0, 4015452.0)	(35.0, 8755332.0)	(36.0, 34319304.0)	(37.0, 5778900.0)
SRR14240795_1	(2.0, 479390.0)	(3.0, 0.0)	(4.0, 0.0)	(5.0, 0.0)	(6.0, 0.0)	(7.0, 0.0)	(8.0, 0.0)	(9.0, 0.0)	(10.0, 0.0)	(11.0, 0.0)	(12.0, 0.0)	(13.0, 2.0)	(14.0, 8.0)	(15.0, 48.0)	(16.0, 149.0)	(17.0, 437.0)	(18.0, 1016.0)	(19.0, 2371.0)	(20.0, 4945.0)	(21.0, 10058.0)	(22.0, 19213.0)	(23.0, 35678.0)	(24.0, 64972.0)	(25.0, 115522.0)	(26.0, 192564.0)	(27.0, 308816.0)	(28.0, 464177.0)	(29.0, 679808.0)	(30.0, 936568.0)	(31.0, 1271393.0)	(32.0, 1682192.0)	(33.0, 2431372.0)	(34.0, 4122654.0)	(35.0, 10181726.0)	(36.0, 62981794.0)	(37.0, 14327522.0)
SRR14240795_2	(2.0, 17366.0)	(3.0, 252.0)	(4.0, 347.0)	(5.0, 555.0)	(6.0, 819.0)	(7.0, 1285.0)	(8.0, 704.0)	(9.0, 653.0)	(10.0, 592.0)	(11.0, 907.0)	(12.0, 9408.0)	(13.0, 56461.0)	(14.0, 110318.0)	(15.0, 114370.0)	(16.0, 88823.0)	(17.0, 71113.0)	(18.0, 67056.0)	(19.0, 82943.0)	(20.0, 120170.0)	(21.0, 184538.0)	(22.0, 251394.0)	(23.0, 290561.0)	(24.0, 312381.0)	(25.0, 354549.0)	(26.0, 411542.0)	(27.0, 493557.0)	(28.0, 596326.0)	(29.0, 765741.0)	(30.0, 1008216.0)	(31.0, 1428336.0)	(32.0, 2131968.0)	(33.0, 3594963.0)	(34.0, 6825661.0)	(35.0, 16921538.0)	(36.0, 56548861.0)	(37.0, 7450121.0)
SRR14240796_1	(2.0, 949529.0)	(3.0, 0.0)	(4.0, 0.0)	(5.0, 0.0)	(6.0, 0.0)	(7.0, 0.0)	(8.0, 0.0)	(9.0, 0.0)	(10.0, 0.0)	(11.0, 0.0)	(12.0, 0.0)	(13.0, 3.0)	(14.0, 11.0)	(15.0, 70.0)	(16.0, 208.0)	(17.0, 553.0)	(18.0, 1373.0)	(19.0, 3191.0)	(20.0, 6898.0)	(21.0, 14051.0)	(22.0, 25122.0)	(23.0, 44484.0)	(24.0, 75961.0)	(25.0, 128456.0)	(26.0, 203351.0)	(27.0, 312575.0)	(28.0, 457099.0)	(29.0, 658051.0)	(30.0, 897155.0)	(31.0, 1204443.0)	(32.0, 1591816.0)	(33.0, 2309564.0)	(34.0, 3926201.0)	(35.0, 9638862.0)	(36.0, 54329245.0)	(37.0, 11314474.0)
SRR14240796_2	(2.0, 8781.0)	(3.0, 298.0)	(4.0, 342.0)	(5.0, 546.0)	(6.0, 765.0)	(7.0, 1199.0)	(8.0, 626.0)	(9.0, 574.0)	(10.0, 544.0)	(11.0, 920.0)	(12.0, 11319.0)	(13.0, 60193.0)	(14.0, 101747.0)	(15.0, 96536.0)	(16.0, 75106.0)	(17.0, 65522.0)	(18.0, 68481.0)	(19.0, 86703.0)	(20.0, 120904.0)	(21.0, 176369.0)	(22.0, 241874.0)	(23.0, 307895.0)	(24.0, 364638.0)	(25.0, 434916.0)	(26.0, 514832.0)	(27.0, 576494.0)	(28.0, 619019.0)	(29.0, 735256.0)	(30.0, 953468.0)	(31.0, 1342014.0)	(32.0, 1989941.0)	(33.0, 3308548.0)	(34.0, 6182721.0)	(35.0, 15061574.0)	(36.0, 47853678.0)	(37.0, 6728403.0)
SRR14240797_1	(2.0, 1699969.0)	(3.0, 0.0)	(4.0, 0.0)	(5.0, 0.0)	(6.0, 0.0)	(7.0, 0.0)	(8.0, 0.0)	(9.0, 0.0)	(10.0, 0.0)	(11.0, 0.0)	(12.0, 0.0)	(13.0, 3.0)	(14.0, 16.0)	(15.0, 72.0)	(16.0, 253.0)	(17.0, 699.0)	(18.0, 1759.0)	(19.0, 4375.0)	(20.0, 9557.0)	(21.0, 19115.0)	(22.0, 35126.0)	(23.0, 61186.0)	(24.0, 102605.0)	(25.0, 175016.0)	(26.0, 280512.0)	(27.0, 445051.0)	(28.0, 669848.0)	(29.0, 991210.0)	(30.0, 1372749.0)	(31.0, 1872787.0)	(32.0, 2497563.0)	(33.0, 3662449.0)	(34.0, 6314875.0)	(35.0, 16071997.0)	(36.0, 89616670.0)	(37.0, 15188515.0)
SRR14240797_2	(2.0, 3441.0)	(3.0, 447.0)	(4.0, 526.0)	(5.0, 796.0)	(6.0, 1299.0)	(7.0, 1925.0)	(8.0, 1058.0)	(9.0, 863.0)	(10.0, 865.0)	(11.0, 1270.0)	(12.0, 15822.0)	(13.0, 93746.0)	(14.0, 178235.0)	(15.0, 184422.0)	(16.0, 153590.0)	(17.0, 138278.0)	(18.0, 144664.0)	(19.0, 182195.0)	(20.0, 248926.0)	(21.0, 365097.0)	(22.0, 494999.0)	(23.0, 603271.0)	(24.0, 664627.0)	(25.0, 735475.0)	(26.0, 761454.0)	(27.0, 781881.0)	(28.0, 850688.0)	(29.0, 1054089.0)	(30.0, 1390046.0)	(31.0, 1982071.0)	(32.0, 2960839.0)	(33.0, 4975299.0)	(34.0, 9439657.0)	(35.0, 23538301.0)	(36.0, 78287040.0)	(37.0, 10856775.0)
SRR14240798_1	(2.0, 1131145.0)	(3.0, 0.0)	(4.0, 0.0)	(5.0, 0.0)	(6.0, 0.0)	(7.0, 0.0)	(8.0, 0.0)	(9.0, 0.0)	(10.0, 0.0)	(11.0, 0.0)	(12.0, 0.0)	(13.0, 2.0)	(14.0, 11.0)	(15.0, 47.0)	(16.0, 149.0)	(17.0, 377.0)	(18.0, 955.0)	(19.0, 2099.0)	(20.0, 4693.0)	(21.0, 10532.0)	(22.0, 22084.0)	(23.0, 44815.0)	(24.0, 84190.0)	(25.0, 149284.0)	(26.0, 240198.0)	(27.0, 371490.0)	(28.0, 541403.0)	(29.0, 775654.0)	(30.0, 1059536.0)	(31.0, 1456869.0)	(32.0, 2006485.0)	(33.0, 3034184.0)	(34.0, 5076401.0)	(35.0, 10462351.0)	(36.0, 52768300.0)	(37.0, 10430678.0)
SRR14240798_2	(2.0, 26899.0)	(3.0, 0.0)	(4.0, 0.0)	(5.0, 0.0)	(6.0, 0.0)	(7.0, 0.0)	(8.0, 0.0)	(9.0, 0.0)	(10.0, 0.0)	(11.0, 168.0)	(12.0, 9585.0)	(13.0, 84554.0)	(14.0, 212468.0)	(15.0, 262682.0)	(16.0, 216076.0)	(17.0, 165030.0)	(18.0, 138213.0)	(19.0, 146620.0)	(20.0, 188416.0)	(21.0, 265300.0)	(22.0, 344099.0)	(23.0, 394323.0)	(24.0, 409861.0)	(25.0, 438104.0)	(26.0, 493788.0)	(27.0, 598904.0)	(28.0, 730394.0)	(29.0, 917660.0)	(30.0, 1171339.0)	(31.0, 1625768.0)	(32.0, 2384901.0)	(33.0, 3783953.0)	(34.0, 6265717.0)	(35.0, 13620957.0)	(36.0, 48771018.0)	(37.0, 6007135.0)
