Sample	0	1	2	3	4	5	6	7	8	9	10	11	12	13	14	15	16	17	18	19	20	21	22	23
SRR14240730_1	(37, 1175178.0)	(42, 12284.0)	(47, 21484.0)	(52, 42529.0)	(57, 76637.0)	(62, 161339.0)	(67, 302220.0)	(72, 540858.0)	(77, 909150.0)	(82, 1425890.0)	(87, 1885916.0)	(92, 2617796.0)	(97, 3264936.0)	(102, 3290629.0)	(107, 3220221.0)	(112, 3304950.0)	(117, 3586264.0)	(122, 3446838.0)	(127, 3265655.0)	(132, 2884202.0)	(137, 2861392.0)	(142, 2616107.0)	(147, 5640252.0)	(151, 32596204.0)
SRR14240730_2	(37, 23689.0)	(42, 12132.0)	(47, 21278.0)	(52, 42099.0)	(57, 75702.0)	(62, 159292.0)	(67, 298898.0)	(72, 533958.0)	(77, 898147.0)	(82, 1407224.0)	(87, 1862344.0)	(92, 2582522.0)	(97, 3221540.0)	(102, 3247707.0)	(107, 3173989.0)	(112, 3246132.0)	(117, 3529696.0)	(122, 3396217.0)	(127, 3214011.0)	(132, 2838699.0)	(137, 2813571.0)	(142, 2600855.0)	(147, 6595136.0)	(151, 33354093.0)
SRR14240731_1	(37, 629518.0)	(42, 8480.0)	(47, 15414.0)	(52, 31306.0)	(57, 55921.0)	(62, 120205.0)	(67, 223248.0)	(72, 409964.0)	(77, 724935.0)	(82, 1222974.0)	(87, 1790871.0)	(92, 2559517.0)	(97, 3308225.0)	(102, 3577589.0)	(107, 3860220.0)	(112, 3945846.0)	(117, 4183965.0)	(122, 4096781.0)	(127, 4030435.0)	(132, 3735950.0)	(137, 3680460.0)	(142, 3415493.0)	(147, 7572378.0)	(151, 44004150.0)
SRR14240731_2	(37, 19062.0)	(42, 8321.0)	(47, 15201.0)	(52, 31011.0)	(57, 55257.0)	(62, 117188.0)	(67, 220583.0)	(72, 404513.0)	(77, 715680.0)	(82, 1206037.0)	(87, 1766568.0)	(92, 2522547.0)	(97, 3260909.0)	(102, 3526324.0)	(107, 3799442.0)	(112, 3879437.0)	(117, 4115444.0)	(122, 4033451.0)	(127, 3960690.0)	(132, 3671084.0)	(137, 3615982.0)	(142, 3393355.0)	(147, 8497880.0)	(151, 44367879.0)
SRR14240732_1	(37, 961157.0)	(42, 8002.0)	(47, 15823.0)	(52, 35366.0)	(57, 64727.0)	(62, 142436.0)	(67, 263182.0)	(72, 487915.0)	(77, 827847.0)	(82, 1311901.0)	(87, 1875265.0)	(92, 2570990.0)	(97, 3264066.0)	(102, 3536126.0)	(107, 3718617.0)	(112, 3719493.0)	(117, 3921575.0)	(122, 3748913.0)	(127, 3647667.0)	(132, 3316219.0)	(137, 3252319.0)	(142, 2939837.0)	(147, 5820713.0)	(151, 31203134.0)
SRR14240732_2	(37, 13341.0)	(42, 7927.0)	(47, 15648.0)	(52, 34990.0)	(57, 64015.0)	(62, 140585.0)	(67, 259884.0)	(72, 481158.0)	(77, 816768.0)	(82, 1292463.0)	(87, 1848359.0)	(92, 2531237.0)	(97, 3213994.0)	(102, 3480558.0)	(107, 3657323.0)	(112, 3653164.0)	(117, 3852477.0)	(122, 3683589.0)	(127, 3582624.0)	(132, 3259741.0)	(137, 3197836.0)	(142, 2924432.0)	(147, 6599471.0)	(151, 32041706.0)
SRR14240733_1	(37, 753061.0)	(42, 4919.0)	(47, 10189.0)	(52, 22012.0)	(57, 43280.0)	(62, 98008.0)	(67, 192053.0)	(72, 361043.0)	(77, 613964.0)	(82, 956163.0)	(87, 1343398.0)	(92, 1811993.0)	(97, 2334332.0)	(102, 2539290.0)	(107, 2615069.0)	(112, 2720696.0)	(117, 3000318.0)	(122, 2835114.0)	(127, 2727459.0)	(132, 2516435.0)	(137, 2533592.0)	(142, 2342143.0)	(147, 5172042.0)	(151, 28900163.0)
SRR14240733_2	(37, 7415.0)	(42, 4897.0)	(47, 10112.0)	(52, 21810.0)	(57, 42868.0)	(62, 96875.0)	(67, 189844.0)	(72, 356373.0)	(77, 606216.0)	(82, 943160.0)	(87, 1325521.0)	(92, 1785414.0)	(97, 2300480.0)	(102, 2502613.0)	(107, 2575465.0)	(112, 2668024.0)	(117, 2945367.0)	(122, 2788144.0)	(127, 2680639.0)	(132, 2475338.0)	(137, 2490280.0)	(142, 2326797.0)	(147, 5823121.0)	(151, 29479963.0)
SRR14240734_1	(37, 1760902.0)	(42, 13616.0)	(47, 25424.0)	(52, 51894.0)	(57, 89581.0)	(62, 188169.0)	(67, 349431.0)	(72, 635122.0)	(77, 1108083.0)	(82, 1810433.0)	(87, 2701958.0)	(92, 3871899.0)	(97, 5146932.0)	(102, 5692717.0)	(107, 6113955.0)	(112, 6132567.0)	(117, 6546701.0)	(122, 6305112.0)	(127, 6143115.0)	(132, 5622777.0)	(137, 5579380.0)	(142, 5111527.0)	(147, 9900671.0)	(151, 51660110.0)
SRR14240734_2	(37, 20090.0)	(42, 13302.0)	(47, 25018.0)	(52, 51192.0)	(57, 88105.0)	(62, 184898.0)	(67, 344142.0)	(72, 624229.0)	(77, 1089521.0)	(82, 1778184.0)	(87, 2655854.0)	(92, 3802539.0)	(97, 5056980.0)	(102, 5594323.0)	(107, 5999684.0)	(112, 6007234.0)	(117, 6413409.0)	(122, 6178087.0)	(127, 6018202.0)	(132, 5508434.0)	(137, 5469926.0)	(142, 5040821.0)	(147, 11077767.0)	(151, 53520135.0)
SRR14240735_1	(37, 1424131.0)	(42, 13398.0)	(47, 24776.0)	(52, 51518.0)	(57, 92384.0)	(62, 196519.0)	(67, 366632.0)	(72, 684371.0)	(77, 1196581.0)	(82, 1935502.0)	(87, 2809132.0)	(92, 3960781.0)	(97, 5193750.0)	(102, 5682639.0)	(107, 5897484.0)	(112, 6077285.0)	(117, 6680194.0)	(122, 6421632.0)	(127, 6338974.0)	(132, 5717251.0)	(137, 5613580.0)	(142, 5099012.0)	(147, 10708124.0)	(151, 59436568.0)
SRR14240735_2	(37, 14662.0)	(42, 13152.0)	(47, 24519.0)	(52, 51104.0)	(57, 91500.0)	(62, 194235.0)	(67, 362533.0)	(72, 675556.0)	(77, 1182256.0)	(82, 1910284.0)	(87, 2774624.0)	(92, 3909468.0)	(97, 5128804.0)	(102, 5617066.0)	(107, 5822651.0)	(112, 5980085.0)	(117, 6574395.0)	(122, 6327968.0)	(127, 6242413.0)	(132, 5629906.0)	(137, 5524958.0)	(142, 5071202.0)	(147, 12021312.0)	(151, 60477565.0)
SRR14240736_1	(37, 2566708.0)	(42, 13624.0)	(47, 23787.0)	(52, 45692.0)	(57, 76792.0)	(62, 157630.0)	(67, 289785.0)	(72, 504532.0)	(77, 868510.0)	(82, 1423581.0)	(87, 2032786.0)	(92, 2909338.0)	(97, 3820809.0)	(102, 4132130.0)	(107, 4328125.0)	(112, 4263487.0)	(117, 4501038.0)	(122, 4339411.0)	(127, 4203850.0)	(132, 3848901.0)	(137, 3757832.0)	(142, 3456927.0)	(147, 6747714.0)	(151, 36775112.0)
SRR14240736_2	(37, 27223.0)	(42, 13382.0)	(47, 23485.0)	(52, 45103.0)	(57, 75863.0)	(62, 155565.0)	(67, 286389.0)	(72, 497753.0)	(77, 857311.0)	(82, 1403275.0)	(87, 2005264.0)	(92, 2867584.0)	(97, 3766846.0)	(102, 4073678.0)	(107, 4260864.0)	(112, 4193509.0)	(117, 4429278.0)	(122, 4274283.0)	(127, 4135773.0)	(132, 3785859.0)	(137, 3695376.0)	(142, 3435128.0)	(147, 7670555.0)	(151, 39108755.0)
SRR14240737_1	(37, 2588280.0)	(42, 13324.0)	(47, 24679.0)	(52, 47568.0)	(57, 81672.0)	(62, 171179.0)	(67, 313397.0)	(72, 556305.0)	(77, 977162.0)	(82, 1621796.0)	(87, 2375675.0)	(92, 3380962.0)	(97, 4408838.0)	(102, 4757112.0)	(107, 5055128.0)	(112, 5019371.0)	(117, 5252104.0)	(122, 5051082.0)	(127, 4935042.0)	(132, 4544492.0)	(137, 4454440.0)	(142, 4132392.0)	(147, 8132708.0)	(151, 43239781.0)
SRR14240737_2	(37, 28801.0)	(42, 13091.0)	(47, 24387.0)	(52, 47114.0)	(57, 80871.0)	(62, 169306.0)	(67, 310102.0)	(72, 550121.0)	(77, 966476.0)	(82, 1602391.0)	(87, 2349703.0)	(92, 3341297.0)	(97, 4357511.0)	(102, 4702702.0)	(107, 4990887.0)	(112, 4952292.0)	(117, 5183187.0)	(122, 4985471.0)	(127, 4865589.0)	(132, 4478461.0)	(137, 4391861.0)	(142, 4102495.0)	(147, 9090008.0)	(151, 45550365.0)
SRR14240738_1	(37, 2696370.0)	(42, 12454.0)	(47, 23464.0)	(52, 47546.0)	(57, 85302.0)	(62, 181475.0)	(67, 328314.0)	(72, 593482.0)	(77, 1019453.0)	(82, 1655407.0)	(87, 2375063.0)	(92, 3254283.0)	(97, 4279130.0)	(102, 4691778.0)	(107, 4874920.0)	(112, 4914199.0)	(117, 5319463.0)	(122, 5066917.0)	(127, 4996037.0)	(132, 4541095.0)	(137, 4425408.0)	(142, 4028526.0)	(147, 8443528.0)	(151, 45487834.0)
SRR14240738_2	(37, 13540.0)	(42, 12357.0)	(47, 23229.0)	(52, 47225.0)	(57, 84525.0)	(62, 179620.0)	(67, 325118.0)	(72, 587227.0)	(77, 1008411.0)	(82, 1635775.0)	(87, 2347943.0)	(92, 3214377.0)	(97, 4227991.0)	(102, 4637292.0)	(107, 4813575.0)	(112, 4838654.0)	(117, 5237882.0)	(122, 4996676.0)	(127, 4922259.0)	(132, 4475261.0)	(137, 4358155.0)	(142, 4009625.0)	(147, 9356664.0)	(151, 47988067.0)
SRR14240739_1	(37, 1401600.0)	(42, 13278.0)	(47, 24836.0)	(52, 48257.0)	(57, 82851.0)	(62, 172411.0)	(67, 317417.0)	(72, 542483.0)	(77, 926226.0)	(82, 1495896.0)	(87, 2103143.0)	(92, 2903364.0)	(97, 3774670.0)	(102, 4017662.0)	(107, 4126120.0)	(112, 4045710.0)	(117, 4334999.0)	(122, 4124076.0)	(127, 3945495.0)	(132, 3595941.0)	(137, 3551885.0)	(142, 3300182.0)	(147, 6415907.0)	(151, 34436905.0)
SRR14240739_2	(37, 17802.0)	(42, 13121.0)	(47, 24604.0)	(52, 47902.0)	(57, 82013.0)	(62, 170401.0)	(67, 314052.0)	(72, 536513.0)	(77, 916143.0)	(82, 1479474.0)	(87, 2080787.0)	(92, 2872063.0)	(97, 3735384.0)	(102, 3978828.0)	(107, 4083738.0)	(112, 3990289.0)	(117, 4277632.0)	(122, 4082705.0)	(127, 3904395.0)	(132, 3555900.0)	(137, 3515792.0)	(142, 3283529.0)	(147, 7192498.0)	(151, 35545749.0)
SRR14240740_1	(37, 1334666.0)	(42, 15572.0)	(47, 27740.0)	(52, 58226.0)	(57, 108784.0)	(62, 227556.0)	(67, 423514.0)	(72, 749562.0)	(77, 1309894.0)	(82, 2109330.0)	(87, 2871689.0)	(92, 3799302.0)	(97, 4620001.0)	(102, 4750354.0)	(107, 4888793.0)	(112, 4739261.0)	(117, 4830581.0)	(122, 4579577.0)	(127, 4471879.0)	(132, 4104249.0)	(137, 3944362.0)	(142, 3535491.0)	(147, 6966697.0)	(151, 35609705.0)
SRR14240740_2	(37, 34077.0)	(42, 15132.0)	(47, 27388.0)	(52, 57510.0)	(57, 107468.0)	(62, 223662.0)	(67, 418428.0)	(72, 739648.0)	(77, 1292705.0)	(82, 2082003.0)	(87, 2836148.0)	(92, 3751097.0)	(97, 4564566.0)	(102, 4703265.0)	(107, 4833772.0)	(112, 4678035.0)	(117, 4768249.0)	(122, 4519536.0)	(127, 4411747.0)	(132, 4050245.0)	(137, 3899924.0)	(142, 3524522.0)	(147, 7574921.0)	(151, 36962737.0)
SRR14240741_1	(37, 1885420.0)	(42, 10798.0)	(47, 21421.0)	(52, 45598.0)	(57, 82464.0)	(62, 181745.0)	(67, 325278.0)	(72, 596536.0)	(77, 1003994.0)	(82, 1537438.0)	(87, 2197772.0)	(92, 2874596.0)	(97, 3668969.0)	(102, 4059390.0)	(107, 4272757.0)	(112, 4238950.0)	(117, 4581850.0)	(122, 4313734.0)	(127, 4239792.0)	(132, 3866986.0)	(137, 3773466.0)	(142, 3413369.0)	(147, 6992074.0)	(151, 36393387.0)
SRR14240741_2	(37, 26477.0)	(42, 10669.0)	(47, 21143.0)	(52, 45135.0)	(57, 81504.0)	(62, 179331.0)	(67, 321111.0)	(72, 588230.0)	(77, 990112.0)	(82, 1515006.0)	(87, 2166880.0)	(92, 2831729.0)	(97, 3613975.0)	(102, 4000496.0)	(107, 4208360.0)	(112, 4165714.0)	(117, 4501154.0)	(122, 4243298.0)	(127, 4166932.0)	(132, 3801949.0)	(137, 3708785.0)	(142, 3386837.0)	(147, 7671787.0)	(151, 38331170.0)
SRR14240742_1	(37, 250820.0)	(42, 1721.0)	(47, 3397.0)	(52, 7954.0)	(57, 15402.0)	(62, 34760.0)	(67, 67474.0)	(72, 130100.0)	(77, 230882.0)	(82, 381374.0)	(87, 548363.0)	(92, 761243.0)	(97, 982340.0)	(102, 1115235.0)	(107, 1247747.0)	(112, 1364837.0)	(117, 1514046.0)	(122, 1562074.0)	(127, 1598122.0)	(132, 1576335.0)	(137, 1596089.0)	(142, 1540148.0)	(147, 3756797.0)	(151, 21268960.0)
SRR14240742_2	(37, 2329.0)	(42, 1703.0)	(47, 3358.0)	(52, 7874.0)	(57, 15169.0)	(62, 34325.0)	(67, 66659.0)	(72, 128414.0)	(77, 227992.0)	(82, 376383.0)	(87, 541207.0)	(92, 750931.0)	(97, 969414.0)	(102, 1100591.0)	(107, 1230999.0)	(112, 1344354.0)	(117, 1491827.0)	(122, 1540232.0)	(127, 1575273.0)	(132, 1553038.0)	(137, 1572796.0)	(142, 1530740.0)	(147, 4073692.0)	(151, 21416920.0)
SRR14240743_1	(37, 463226.0)	(42, 8088.0)	(47, 15032.0)	(52, 29682.0)	(57, 53013.0)	(62, 110547.0)	(67, 204041.0)	(72, 377794.0)	(77, 637972.0)	(82, 985668.0)	(87, 1376870.0)	(92, 2010975.0)	(97, 2685519.0)	(102, 2847524.0)	(107, 2794179.0)	(112, 2894615.0)	(117, 3338255.0)	(122, 3227842.0)	(127, 3184147.0)	(132, 2687925.0)	(137, 2642155.0)	(142, 2392874.0)	(147, 4715845.0)	(151, 27029255.0)
SRR14240743_2	(37, 14102.0)	(42, 7984.0)	(47, 14916.0)	(52, 29494.0)	(57, 52657.0)	(62, 109539.0)	(67, 202414.0)	(72, 374127.0)	(77, 632187.0)	(82, 975874.0)	(87, 1363538.0)	(92, 1990094.0)	(97, 2658608.0)	(102, 2821865.0)	(107, 2764623.0)	(112, 2854984.0)	(117, 3296393.0)	(122, 3191888.0)	(127, 3145555.0)	(132, 2655177.0)	(137, 2608793.0)	(142, 2384978.0)	(147, 5634699.0)	(151, 26928554.0)
SRR14240744_1	(37, 1618346.0)	(42, 13673.0)	(47, 25636.0)	(52, 53765.0)	(57, 95806.0)	(62, 202492.0)	(67, 364497.0)	(72, 666548.0)	(77, 1148949.0)	(82, 1867358.0)	(87, 2714718.0)	(92, 3751444.0)	(97, 4777196.0)	(102, 5121916.0)	(107, 5448955.0)	(112, 5401742.0)	(117, 5579097.0)	(122, 5334628.0)	(127, 5254867.0)	(132, 4745803.0)	(137, 4599751.0)	(142, 4151529.0)	(147, 8302969.0)	(151, 42998591.0)
SRR14240744_2	(37, 21673.0)	(42, 13413.0)	(47, 25325.0)	(52, 53230.0)	(57, 94737.0)	(62, 199940.0)	(67, 360601.0)	(72, 658917.0)	(77, 1136581.0)	(82, 1845025.0)	(87, 2684268.0)	(92, 3707391.0)	(97, 4722165.0)	(102, 5063685.0)	(107, 5382643.0)	(112, 5335943.0)	(117, 5511789.0)	(122, 5270302.0)	(127, 5186214.0)	(132, 4683427.0)	(137, 4539749.0)	(142, 4135065.0)	(147, 9050265.0)	(151, 44557928.0)
SRR14240745_1	(37, 1222216.0)	(42, 8016.0)	(47, 15093.0)	(52, 29808.0)	(57, 56419.0)	(62, 118970.0)	(67, 218982.0)	(72, 409361.0)	(77, 695043.0)	(82, 1096202.0)	(87, 1534340.0)	(92, 2142091.0)	(97, 2856523.0)	(102, 3120999.0)	(107, 3143091.0)	(112, 3319177.0)	(117, 3735011.0)	(122, 3528349.0)	(127, 3414433.0)	(132, 3040613.0)	(137, 2971596.0)	(142, 2703435.0)	(147, 5831091.0)	(151, 32399204.0)
SRR14240745_2	(37, 30962.0)	(42, 7759.0)	(47, 14677.0)	(52, 29425.0)	(57, 55287.0)	(62, 116565.0)	(67, 215695.0)	(72, 403202.0)	(77, 685014.0)	(82, 1078969.0)	(87, 1511138.0)	(92, 2107547.0)	(97, 2812066.0)	(102, 3075850.0)	(107, 3093745.0)	(112, 3252610.0)	(117, 3664553.0)	(122, 3465000.0)	(127, 3352538.0)	(132, 2988325.0)	(137, 2921753.0)	(142, 2682780.0)	(147, 6630537.0)	(151, 33414066.0)
SRR14240746_1	(37, 820036.0)	(42, 12426.0)	(47, 22382.0)	(52, 42816.0)	(57, 72822.0)	(62, 144176.0)	(67, 260756.0)	(72, 470095.0)	(77, 821684.0)	(82, 1331573.0)	(87, 1971838.0)	(92, 2887083.0)	(97, 3919212.0)	(102, 4265809.0)	(107, 4468198.0)	(112, 4474868.0)	(117, 4942837.0)	(122, 4708443.0)	(127, 4771659.0)	(132, 4140610.0)	(137, 4056043.0)	(142, 3639809.0)	(147, 7008530.0)	(151, 39212272.0)
SRR14240746_2	(37, 42853.0)	(42, 12182.0)	(47, 22014.0)	(52, 42239.0)	(57, 71807.0)	(62, 141949.0)	(67, 257546.0)	(72, 464000.0)	(77, 810529.0)	(82, 1313375.0)	(87, 1946106.0)	(92, 2848469.0)	(97, 3868291.0)	(102, 4217003.0)	(107, 4410592.0)	(112, 4407377.0)	(117, 4869313.0)	(122, 4646604.0)	(127, 4704125.0)	(132, 4081503.0)	(137, 4001976.0)	(142, 3622556.0)	(147, 8115744.0)	(151, 39547824.0)
SRR14240747_1	(37, 805382.0)	(42, 5377.0)	(47, 11126.0)	(52, 25025.0)	(57, 50971.0)	(62, 116180.0)	(67, 223413.0)	(72, 417130.0)	(77, 714956.0)	(82, 1119793.0)	(87, 1557337.0)	(92, 2053248.0)	(97, 2579543.0)	(102, 2808225.0)	(107, 2916015.0)	(112, 3030946.0)	(117, 3256446.0)	(122, 3151639.0)	(127, 3066839.0)	(132, 2861997.0)	(137, 2811434.0)	(142, 2605480.0)	(147, 5771400.0)	(151, 31534814.0)
SRR14240747_2	(37, 13349.0)	(42, 5326.0)	(47, 11059.0)	(52, 24808.0)	(57, 50493.0)	(62, 114936.0)	(67, 221189.0)	(72, 412797.0)	(77, 707379.0)	(82, 1107257.0)	(87, 1540747.0)	(92, 2029788.0)	(97, 2550782.0)	(102, 2777879.0)	(107, 2882045.0)	(112, 2988589.0)	(117, 3211796.0)	(122, 3112382.0)	(127, 3027888.0)	(132, 2825702.0)	(137, 2774927.0)	(142, 2593416.0)	(147, 6399773.0)	(151, 32110409.0)
SRR14240748_1	(37, 2373099.0)	(42, 11192.0)	(47, 20552.0)	(52, 41477.0)	(57, 72603.0)	(62, 150905.0)	(67, 276486.0)	(72, 498666.0)	(77, 869836.0)	(82, 1431594.0)	(87, 2090402.0)	(92, 2952611.0)	(97, 3852314.0)	(102, 4189166.0)	(107, 4426840.0)	(112, 4431069.0)	(117, 4620027.0)	(122, 4462418.0)	(127, 4343413.0)	(132, 3993500.0)	(137, 3873295.0)	(142, 3554231.0)	(147, 6907579.0)	(151, 36371673.0)
SRR14240748_2	(37, 13072.0)	(42, 10988.0)	(47, 20262.0)	(52, 41041.0)	(57, 71760.0)	(62, 148780.0)	(67, 273092.0)	(72, 492035.0)	(77, 858408.0)	(82, 1411410.0)	(87, 2062160.0)	(92, 2911304.0)	(97, 3798213.0)	(102, 4131083.0)	(107, 4361360.0)	(112, 4358352.0)	(117, 4545214.0)	(122, 4392891.0)	(127, 4270979.0)	(132, 3926705.0)	(137, 3810021.0)	(142, 3529661.0)	(147, 7704327.0)	(151, 38671830.0)
SRR14240749_1	(37, 932817.0)	(42, 8974.0)	(47, 16790.0)	(52, 34050.0)	(57, 62652.0)	(62, 133899.0)	(67, 242992.0)	(72, 445069.0)	(77, 766282.0)	(82, 1220607.0)	(87, 1810025.0)	(92, 2507594.0)	(97, 3418365.0)	(102, 3890911.0)	(107, 4208764.0)	(112, 4300207.0)	(117, 4810201.0)	(122, 4551349.0)	(127, 4566355.0)	(132, 4126121.0)	(137, 4077950.0)	(142, 3696611.0)	(147, 7599452.0)	(151, 39848276.0)
SRR14240749_2	(37, 16548.0)	(42, 8916.0)	(47, 16687.0)	(52, 33861.0)	(57, 62239.0)	(62, 132714.0)	(67, 241102.0)	(72, 440806.0)	(77, 759179.0)	(82, 1207665.0)	(87, 1791126.0)	(92, 2479098.0)	(97, 3378685.0)	(102, 3847738.0)	(107, 4158542.0)	(112, 4240955.0)	(117, 4744186.0)	(122, 4494708.0)	(127, 4505565.0)	(132, 4072202.0)	(137, 4023478.0)	(142, 3687638.0)	(147, 8464247.0)	(151, 40468428.0)
SRR14240750_1	(37, 1518717.0)	(42, 10704.0)	(47, 20667.0)	(52, 43823.0)	(57, 83335.0)	(62, 180653.0)	(67, 333062.0)	(72, 590375.0)	(77, 998819.0)	(82, 1551478.0)	(87, 2110979.0)	(92, 2747570.0)	(97, 3429203.0)	(102, 3678320.0)	(107, 3718622.0)	(112, 3714540.0)	(117, 3992099.0)	(122, 3771719.0)	(127, 3656934.0)	(132, 3364092.0)	(137, 3278021.0)	(142, 2995981.0)	(147, 6311018.0)	(151, 34139679.0)
SRR14240750_2	(37, 47446.0)	(42, 10608.0)	(47, 20495.0)	(52, 43402.0)	(57, 82435.0)	(62, 178187.0)	(67, 329723.0)	(72, 584347.0)	(77, 987735.0)	(82, 1533063.0)	(87, 2086722.0)	(92, 2715717.0)	(97, 3389362.0)	(102, 3640174.0)	(107, 3676959.0)	(112, 3659858.0)	(117, 3934126.0)	(122, 3723860.0)	(127, 3607977.0)	(132, 3321124.0)	(137, 3235992.0)	(142, 2985129.0)	(147, 7017876.0)	(151, 35428093.0)
SRR14240751_1	(37, 4143389.0)	(42, 23307.0)	(47, 40678.0)	(52, 75827.0)	(57, 131957.0)	(62, 266191.0)	(67, 462614.0)	(72, 745802.0)	(77, 1144967.0)	(82, 1594176.0)	(87, 2058115.0)	(92, 2649973.0)	(97, 3390395.0)	(102, 3630169.0)	(107, 3574350.0)	(112, 3393542.0)	(117, 3835051.0)	(122, 3469662.0)	(127, 3207944.0)	(132, 2797883.0)	(137, 2775454.0)	(142, 2577710.0)	(147, 4852476.0)	(151, 24812185.0)
SRR14240751_2	(37, 201219.0)	(42, 22948.0)	(47, 40264.0)	(52, 75050.0)	(57, 130378.0)	(62, 262824.0)	(67, 457568.0)	(72, 737468.0)	(77, 1131961.0)	(82, 1575056.0)	(87, 2033596.0)	(92, 2615701.0)	(97, 3348585.0)	(102, 3587814.0)	(107, 3530631.0)	(112, 3335536.0)	(117, 3771285.0)	(122, 3427100.0)	(127, 3168015.0)	(132, 2764449.0)	(137, 2742977.0)	(142, 2567540.0)	(147, 5544904.0)	(151, 28580948.0)
SRR14240752_1	(37, 717894.0)	(42, 4617.0)	(47, 8112.0)	(52, 15972.0)	(57, 29356.0)	(62, 63178.0)	(67, 120762.0)	(72, 222231.0)	(77, 391896.0)	(82, 663517.0)	(87, 937547.0)	(92, 1339298.0)	(97, 1734390.0)	(102, 1904717.0)	(107, 2087509.0)	(112, 2266348.0)	(117, 2518981.0)	(122, 2585330.0)	(127, 2589856.0)	(132, 2511180.0)	(137, 2577184.0)	(142, 2467063.0)	(147, 6034294.0)	(151, 35811081.0)
SRR14240752_2	(37, 9782.0)	(42, 4545.0)	(47, 7999.0)	(52, 15783.0)	(57, 29038.0)	(62, 62203.0)	(67, 119191.0)	(72, 219213.0)	(77, 386084.0)	(82, 653633.0)	(87, 923862.0)	(92, 1318299.0)	(97, 1708152.0)	(102, 1876500.0)	(107, 2053025.0)	(112, 2223397.0)	(117, 2474482.0)	(122, 2541677.0)	(127, 2541847.0)	(132, 2466076.0)	(137, 2531209.0)	(142, 2450834.0)	(147, 6770754.0)	(151, 36214728.0)
SRR14240753_1	(37, 1269261.0)	(42, 10541.0)	(47, 20701.0)	(52, 45744.0)	(57, 79106.0)	(62, 167745.0)	(67, 294008.0)	(72, 527357.0)	(77, 889534.0)	(82, 1418693.0)	(87, 2073222.0)	(92, 2870552.0)	(97, 3752975.0)	(102, 4194602.0)	(107, 4551399.0)	(112, 4612431.0)	(117, 4831543.0)	(122, 4701313.0)	(127, 4626400.0)	(132, 4289722.0)	(137, 4137878.0)	(142, 3795898.0)	(147, 7315264.0)	(151, 36907721.0)
SRR14240753_2	(37, 9816.0)	(42, 10374.0)	(47, 20386.0)	(52, 45183.0)	(57, 77988.0)	(62, 165226.0)	(67, 289535.0)	(72, 518925.0)	(77, 875784.0)	(82, 1395004.0)	(87, 2040559.0)	(92, 2822979.0)	(97, 3692143.0)	(102, 4126056.0)	(107, 4474196.0)	(112, 4531015.0)	(117, 4748911.0)	(122, 4617884.0)	(127, 4543176.0)	(132, 4209939.0)	(137, 4068002.0)	(142, 3766405.0)	(147, 8092307.0)	(151, 38241817.0)
SRR14240754_1	(37, 3116796.0)	(42, 15402.0)	(47, 27081.0)	(52, 48431.0)	(57, 77386.0)	(62, 151417.0)	(67, 265400.0)	(72, 435706.0)	(77, 719086.0)	(82, 1070766.0)	(87, 1478990.0)	(92, 1999738.0)	(97, 2579815.0)	(102, 2652390.0)	(107, 2762457.0)	(112, 2574382.0)	(117, 2822510.0)	(122, 2533499.0)	(127, 2522464.0)	(132, 2184474.0)	(137, 2182842.0)	(142, 1919207.0)	(147, 3967943.0)	(151, 22790027.0)
SRR14240754_2	(37, 28948.0)	(42, 15114.0)	(47, 26626.0)	(52, 47582.0)	(57, 75926.0)	(62, 148217.0)	(67, 260665.0)	(72, 427356.0)	(77, 706599.0)	(82, 1050888.0)	(87, 1453603.0)	(92, 1964439.0)	(97, 2536187.0)	(102, 2607846.0)	(107, 2713795.0)	(112, 2529839.0)	(117, 2778083.0)	(122, 2486579.0)	(127, 2473574.0)	(132, 2144565.0)	(137, 2146459.0)	(142, 1906183.0)	(147, 4625538.0)	(151, 25743598.0)
SRR14240755_1	(37, 1784939.0)	(42, 11151.0)	(47, 20598.0)	(52, 42438.0)	(57, 71793.0)	(62, 148037.0)	(67, 260725.0)	(72, 463835.0)	(77, 795529.0)	(82, 1298354.0)	(87, 1890700.0)	(92, 2590285.0)	(97, 3352882.0)	(102, 3589103.0)	(107, 3881585.0)	(112, 3810152.0)	(117, 3972345.0)	(122, 3766683.0)	(127, 3776610.0)	(132, 3453719.0)	(137, 3383025.0)	(142, 3052803.0)	(147, 6373969.0)	(151, 33866512.0)
SRR14240755_2	(37, 30655.0)	(42, 10986.0)	(47, 20271.0)	(52, 42020.0)	(57, 70811.0)	(62, 145895.0)	(67, 257251.0)	(72, 457103.0)	(77, 784016.0)	(82, 1277481.0)	(87, 1861227.0)	(92, 2548607.0)	(97, 3299260.0)	(102, 3530843.0)	(107, 3814417.0)	(112, 3747984.0)	(117, 3910605.0)	(122, 3700203.0)	(127, 3704540.0)	(132, 3386756.0)	(137, 3319954.0)	(142, 3030057.0)	(147, 7008801.0)	(151, 35698029.0)
SRR14240756_1	(37, 2210276.0)	(42, 10581.0)	(47, 18819.0)	(52, 34250.0)	(57, 55390.0)	(62, 109038.0)	(67, 194710.0)	(72, 334765.0)	(77, 568225.0)	(82, 888211.0)	(87, 1294341.0)	(92, 1814867.0)	(97, 2441468.0)	(102, 2628192.0)	(107, 2851368.0)	(112, 2726761.0)	(117, 3010222.0)	(122, 2702164.0)	(127, 2731251.0)	(132, 2363573.0)	(137, 2345187.0)	(142, 2038094.0)	(147, 3871994.0)	(151, 19163164.0)
SRR14240756_2	(37, 21900.0)	(42, 10271.0)	(47, 18445.0)	(52, 33561.0)	(57, 54155.0)	(62, 106536.0)	(67, 190708.0)	(72, 327462.0)	(77, 557011.0)	(82, 869813.0)	(87, 1269675.0)	(92, 1780532.0)	(97, 2397132.0)	(102, 2581291.0)	(107, 2800278.0)	(112, 2676929.0)	(117, 2958667.0)	(122, 2652863.0)	(127, 2680837.0)	(132, 2321989.0)	(137, 2307284.0)	(142, 2024836.0)	(147, 4379507.0)	(151, 21385229.0)
SRR14240757_1	(37, 3473848.0)	(42, 17264.0)	(47, 28543.0)	(52, 50632.0)	(57, 77274.0)	(62, 142099.0)	(67, 237343.0)	(72, 385002.0)	(77, 646011.0)	(82, 1027984.0)	(87, 1484610.0)	(92, 2132610.0)	(97, 2967112.0)	(102, 3281421.0)	(107, 3437157.0)	(112, 3398173.0)	(117, 3751171.0)	(122, 3589097.0)	(127, 3565601.0)	(132, 3179544.0)	(137, 3112911.0)	(142, 2818349.0)	(147, 5583758.0)	(151, 31447714.0)
SRR14240757_2	(37, 39863.0)	(42, 16964.0)	(47, 28088.0)	(52, 50058.0)	(57, 76002.0)	(62, 139567.0)	(67, 233881.0)	(72, 378350.0)	(77, 634446.0)	(82, 1008965.0)	(87, 1457036.0)	(92, 2093452.0)	(97, 2911590.0)	(102, 3227951.0)	(107, 3374899.0)	(112, 3326481.0)	(117, 3673134.0)	(122, 3511121.0)	(127, 3484152.0)	(132, 3106318.0)	(137, 3046377.0)	(142, 2794770.0)	(147, 6509078.0)	(151, 34712685.0)
SRR14240758_1	(37, 308935.0)	(42, 2640.0)	(47, 4946.0)	(52, 10556.0)	(57, 20196.0)	(62, 45111.0)	(67, 87393.0)	(72, 164951.0)	(77, 287316.0)	(82, 459453.0)	(87, 661926.0)	(92, 943332.0)	(97, 1261707.0)	(102, 1440824.0)	(107, 1579694.0)	(112, 1775836.0)	(117, 2059691.0)	(122, 2098789.0)	(127, 2117681.0)	(132, 2055292.0)	(137, 2152972.0)	(142, 2078670.0)	(147, 5027836.0)	(151, 28963746.0)
SRR14240758_2	(37, 5272.0)	(42, 2490.0)	(47, 4871.0)	(52, 10414.0)	(57, 19885.0)	(62, 44365.0)	(67, 85897.0)	(72, 162150.0)	(77, 282524.0)	(82, 451573.0)	(87, 651272.0)	(92, 927396.0)	(97, 1241420.0)	(102, 1418135.0)	(107, 1553988.0)	(112, 1742535.0)	(117, 2023324.0)	(122, 2060502.0)	(127, 2081733.0)	(132, 2020298.0)	(137, 2120592.0)	(142, 2060682.0)	(147, 5707454.0)	(151, 28930721.0)
SRR14240759_1	(37, 563261.0)	(42, 5102.0)	(47, 9595.0)	(52, 20806.0)	(57, 39667.0)	(62, 84879.0)	(67, 158094.0)	(72, 285490.0)	(77, 484895.0)	(82, 767653.0)	(87, 1032788.0)	(92, 1348101.0)	(97, 1632396.0)	(102, 1708983.0)	(107, 1787958.0)	(112, 1803507.0)	(117, 1901073.0)	(122, 1824158.0)	(127, 1796191.0)	(132, 1662112.0)	(137, 1655487.0)	(142, 1507923.0)	(147, 3490623.0)	(151, 19591786.0)
SRR14240759_2	(37, 9119.0)	(42, 5000.0)	(47, 9468.0)	(52, 20558.0)	(57, 39087.0)	(62, 83499.0)	(67, 155767.0)	(72, 280820.0)	(77, 476790.0)	(82, 753848.0)	(87, 1015527.0)	(92, 1325568.0)	(97, 1606530.0)	(102, 1684061.0)	(107, 1760047.0)	(112, 1772707.0)	(117, 1868883.0)	(122, 1792247.0)	(127, 1763838.0)	(132, 1629983.0)	(137, 1626074.0)	(142, 1495121.0)	(147, 3847969.0)	(151, 20140017.0)
SRR14240760_1	(37, 515161.0)	(42, 6299.0)	(47, 12635.0)	(52, 27006.0)	(57, 50136.0)	(62, 106243.0)	(67, 196737.0)	(72, 362064.0)	(77, 627810.0)	(82, 1036758.0)	(87, 1520361.0)	(92, 2158276.0)	(97, 2810066.0)	(102, 3088150.0)	(107, 3312769.0)	(112, 3474896.0)	(117, 3800291.0)	(122, 3808181.0)	(127, 3737161.0)	(132, 3492670.0)	(137, 3477793.0)	(142, 3331676.0)	(147, 8274938.0)	(151, 53058245.0)
SRR14240760_2	(37, 13378.0)	(42, 6200.0)	(47, 12581.0)	(52, 26813.0)	(57, 49655.0)	(62, 104819.0)	(67, 194529.0)	(72, 357610.0)	(77, 620021.0)	(82, 1022980.0)	(87, 1500835.0)	(92, 2130207.0)	(97, 2775035.0)	(102, 3050487.0)	(107, 3270096.0)	(112, 3422822.0)	(117, 3744963.0)	(122, 3755141.0)	(127, 3683629.0)	(132, 3438182.0)	(137, 3431153.0)	(142, 3307537.0)	(147, 9546536.0)	(151, 52821113.0)
SRR14240761_1	(37, 3973043.0)	(42, 13136.0)	(47, 23748.0)	(52, 44683.0)	(57, 81235.0)	(62, 173005.0)	(67, 312514.0)	(72, 544235.0)	(77, 867947.0)	(82, 1255458.0)	(87, 1619378.0)	(92, 2146145.0)	(97, 2797128.0)	(102, 3033588.0)	(107, 2923642.0)	(112, 2967083.0)	(117, 3390102.0)	(122, 3168818.0)	(127, 2956565.0)	(132, 2604645.0)	(137, 2540834.0)	(142, 2332201.0)	(147, 4767502.0)	(151, 26466964.0)
SRR14240761_2	(37, 20715.0)	(42, 12883.0)	(47, 23370.0)	(52, 43902.0)	(57, 79679.0)	(62, 169829.0)	(67, 306816.0)	(72, 534468.0)	(77, 851842.0)	(82, 1231245.0)	(87, 1588856.0)	(92, 2104831.0)	(97, 2744265.0)	(102, 2979899.0)	(107, 2869977.0)	(112, 2890735.0)	(117, 3308776.0)	(122, 3105712.0)	(127, 2899562.0)	(132, 2555711.0)	(137, 2495037.0)	(142, 2313714.0)	(147, 5603913.0)	(151, 30267862.0)
SRR14240762_1	(37, 1053143.0)	(42, 17167.0)	(47, 33551.0)	(52, 73078.0)	(57, 132600.0)	(62, 280642.0)	(67, 509169.0)	(72, 937784.0)	(77, 1599668.0)	(82, 2506142.0)	(87, 3632604.0)	(92, 4970649.0)	(97, 6276104.0)	(102, 6793757.0)	(107, 7182440.0)	(112, 7224592.0)	(117, 7556615.0)	(122, 7296981.0)	(127, 7165825.0)	(132, 6517322.0)	(137, 6319315.0)	(142, 5729426.0)	(147, 11391172.0)	(151, 58983931.0)
SRR14240762_2	(37, 20932.0)	(42, 16969.0)	(47, 33164.0)	(52, 72315.0)	(57, 131037.0)	(62, 276844.0)	(67, 502589.0)	(72, 925275.0)	(77, 1578363.0)	(82, 2469706.0)	(87, 3581690.0)	(92, 4897417.0)	(97, 6186067.0)	(102, 6693746.0)	(107, 7073698.0)	(112, 7112140.0)	(117, 7440587.0)	(122, 7177927.0)	(127, 7043075.0)	(132, 6398289.0)	(137, 6213111.0)	(142, 5671465.0)	(147, 12711026.0)	(151, 59956245.0)
SRR14240763_1	(37, 1224258.0)	(42, 6672.0)	(47, 12833.0)	(52, 26732.0)	(57, 54545.0)	(62, 119956.0)	(67, 242383.0)	(72, 408998.0)	(77, 688870.0)	(82, 1071272.0)	(87, 1286566.0)	(92, 1638510.0)	(97, 1894130.0)	(102, 1995512.0)	(107, 2137953.0)	(112, 2177948.0)	(117, 2367969.0)	(122, 2376793.0)	(127, 2426044.0)	(132, 2370249.0)	(137, 2440882.0)	(142, 2305204.0)	(147, 5849939.0)	(151, 33585188.0)
SRR14240763_2	(37, 11820.0)	(42, 6562.0)	(47, 12593.0)	(52, 26307.0)	(57, 53640.0)	(62, 117865.0)	(67, 238321.0)	(72, 401849.0)	(77, 677472.0)	(82, 1052271.0)	(87, 1265253.0)	(92, 1609518.0)	(97, 1862075.0)	(102, 1961834.0)	(107, 2100832.0)	(112, 2139825.0)	(117, 2328510.0)	(122, 2333688.0)	(127, 2380293.0)	(132, 2323892.0)	(137, 2398780.0)	(142, 2286185.0)	(147, 6407048.0)	(151, 34712973.0)
SRR14240764_1	(37, 1841667.0)	(42, 12034.0)	(47, 24292.0)	(52, 53042.0)	(57, 102085.0)	(62, 223897.0)	(67, 415668.0)	(72, 747651.0)	(77, 1204663.0)	(82, 1775667.0)	(87, 2352844.0)	(92, 2993429.0)	(97, 3658735.0)	(102, 3868909.0)	(107, 3936029.0)	(112, 3900236.0)	(117, 4150627.0)	(122, 3887562.0)	(127, 3741575.0)	(132, 3440691.0)	(137, 3417424.0)	(142, 3110324.0)	(147, 6286239.0)	(151, 32613766.0)
SRR14240764_2	(37, 23865.0)	(42, 11808.0)	(47, 23779.0)	(52, 52091.0)	(57, 100309.0)	(62, 219749.0)	(67, 408542.0)	(72, 734508.0)	(77, 1184051.0)	(82, 1743429.0)	(87, 2311703.0)	(92, 2937796.0)	(97, 3591971.0)	(102, 3798806.0)	(107, 3863039.0)	(112, 3818773.0)	(117, 4066100.0)	(122, 3808099.0)	(127, 3662850.0)	(132, 3365328.0)	(137, 3347242.0)	(142, 3068573.0)	(147, 7036476.0)	(151, 34580169.0)
SRR14240765_1	(37, 1785026.0)	(42, 11499.0)	(47, 22496.0)	(52, 48945.0)	(57, 95293.0)	(62, 210246.0)	(67, 403560.0)	(72, 748515.0)	(77, 1264029.0)	(82, 1938354.0)	(87, 2659137.0)	(92, 3573970.0)	(97, 4622924.0)	(102, 5002854.0)	(107, 5012616.0)	(112, 5196097.0)	(117, 5795863.0)	(122, 5508812.0)	(127, 5345841.0)	(132, 4828164.0)	(137, 4757219.0)	(142, 4342486.0)	(147, 9440494.0)	(151, 52452043.0)
SRR14240765_2	(37, 19856.0)	(42, 11320.0)	(47, 22171.0)	(52, 48270.0)	(57, 94016.0)	(62, 207050.0)	(67, 397720.0)	(72, 737135.0)	(77, 1244585.0)	(82, 1906317.0)	(87, 2617224.0)	(92, 3514086.0)	(97, 4545695.0)	(102, 4923473.0)	(107, 4928478.0)	(112, 5082125.0)	(117, 5673322.0)	(122, 5401473.0)	(127, 5240364.0)	(132, 4733791.0)	(137, 4666954.0)	(142, 4302536.0)	(147, 10788483.0)	(151, 53960039.0)
SRR14240766_1	(37, 463110.0)	(42, 10971.0)	(47, 20950.0)	(52, 42545.0)	(57, 79213.0)	(62, 166605.0)	(67, 305887.0)	(72, 555989.0)	(77, 929458.0)	(82, 1418934.0)	(87, 1965077.0)	(92, 2687423.0)	(97, 3536917.0)	(102, 3881996.0)	(107, 3901727.0)	(112, 3981601.0)	(117, 4418430.0)	(122, 4207599.0)	(127, 4115077.0)	(132, 3661504.0)	(137, 3528435.0)	(142, 3182244.0)	(147, 6350758.0)	(151, 33859904.0)
SRR14240766_2	(37, 20791.0)	(42, 10812.0)	(47, 20731.0)	(52, 41986.0)	(57, 78084.0)	(62, 163940.0)	(67, 301462.0)	(72, 547877.0)	(77, 915665.0)	(82, 1396933.0)	(87, 1935572.0)	(92, 2645166.0)	(97, 3485298.0)	(102, 3828966.0)	(107, 3846448.0)	(112, 3900962.0)	(117, 4331167.0)	(122, 4143209.0)	(127, 4051858.0)	(132, 3606120.0)	(137, 3477361.0)	(142, 3162437.0)	(147, 7273817.0)	(151, 34085692.0)
SRR14240767_1	(37, 399462.0)	(42, 7253.0)	(47, 14939.0)	(52, 33143.0)	(57, 63384.0)	(62, 139109.0)	(67, 262153.0)	(72, 485069.0)	(77, 821347.0)	(82, 1299226.0)	(87, 1819078.0)	(92, 2438707.0)	(97, 3089105.0)	(102, 3379426.0)	(107, 3530489.0)	(112, 3616444.0)	(117, 3843564.0)	(122, 3772073.0)	(127, 3641016.0)	(132, 3431824.0)	(137, 3363510.0)	(142, 3140315.0)	(147, 6671074.0)	(151, 36090095.0)
SRR14240767_2	(37, 6859.0)	(42, 7148.0)	(47, 14748.0)	(52, 32732.0)	(57, 62418.0)	(62, 136878.0)	(67, 258014.0)	(72, 477559.0)	(77, 808285.0)	(82, 1277678.0)	(87, 1789567.0)	(92, 2398195.0)	(97, 3040052.0)	(102, 3326913.0)	(107, 3473462.0)	(112, 3544693.0)	(117, 3769145.0)	(122, 3701347.0)	(127, 3574960.0)	(132, 3369514.0)	(137, 3312411.0)	(142, 3106694.0)	(147, 7389708.0)	(151, 36472825.0)
SRR14240768_1	(37, 373534.0)	(42, 3732.0)	(47, 7769.0)	(52, 16155.0)	(57, 31986.0)	(62, 71840.0)	(67, 134632.0)	(72, 255672.0)	(77, 435045.0)	(82, 683449.0)	(87, 953190.0)	(92, 1309241.0)	(97, 1765436.0)	(102, 1956694.0)	(107, 1973681.0)	(112, 2097731.0)	(117, 2513738.0)	(122, 2368733.0)	(127, 2317901.0)	(132, 2081324.0)	(137, 2109853.0)	(142, 1967478.0)	(147, 4732516.0)	(151, 29565543.0)
SRR14240768_2	(37, 12325.0)	(42, 3661.0)	(47, 7639.0)	(52, 15900.0)	(57, 31450.0)	(62, 70124.0)	(67, 132432.0)	(72, 251379.0)	(77, 427546.0)	(82, 670888.0)	(87, 936621.0)	(92, 1286217.0)	(97, 1734408.0)	(102, 1924541.0)	(107, 1939451.0)	(112, 2049933.0)	(117, 2458669.0)	(122, 2320304.0)	(127, 2270499.0)	(132, 2037751.0)	(137, 2070386.0)	(142, 1941593.0)	(147, 5517741.0)	(151, 29615415.0)
SRR14240769_1	(37, 1879835.0)	(42, 12096.0)	(47, 24343.0)	(52, 50511.0)	(57, 89608.0)	(62, 188621.0)	(67, 347313.0)	(72, 629083.0)	(77, 1067921.0)	(82, 1662806.0)	(87, 2391202.0)	(92, 3281588.0)	(97, 4409473.0)	(102, 4924259.0)	(107, 5053413.0)	(112, 5102761.0)	(117, 5753472.0)	(122, 5442965.0)	(127, 5403689.0)	(132, 4833782.0)	(137, 4714224.0)	(142, 4280965.0)	(147, 8907090.0)	(151, 48837349.0)
SRR14240769_2	(37, 23028.0)	(42, 11932.0)	(47, 24036.0)	(52, 49898.0)	(57, 88351.0)	(62, 185891.0)	(67, 342384.0)	(72, 620127.0)	(77, 1052292.0)	(82, 1637300.0)	(87, 2355318.0)	(92, 3232275.0)	(97, 4343432.0)	(102, 4855877.0)	(107, 4981265.0)	(112, 5012443.0)	(117, 5649176.0)	(122, 5352873.0)	(127, 5313849.0)	(132, 4751837.0)	(137, 4641446.0)	(142, 4237139.0)	(147, 10032987.0)	(151, 50493213.0)
SRR14240770_1	(37, 1724879.0)	(42, 14858.0)	(47, 28114.0)	(52, 56581.0)	(57, 105574.0)	(62, 216051.0)	(67, 384992.0)	(72, 663449.0)	(77, 1063762.0)	(82, 1554763.0)	(87, 2080469.0)	(92, 2711525.0)	(97, 3404863.0)	(102, 3784511.0)	(107, 3816809.0)	(112, 3805198.0)	(117, 4148205.0)	(122, 3928281.0)	(127, 3679017.0)	(132, 3337806.0)	(137, 3224260.0)	(142, 2961161.0)	(147, 6002628.0)	(151, 32497065.0)
SRR14240770_2	(37, 56531.0)	(42, 14605.0)	(47, 27600.0)	(52, 55558.0)	(57, 103540.0)	(62, 211700.0)	(67, 377760.0)	(72, 651436.0)	(77, 1043051.0)	(82, 1523841.0)	(87, 2042259.0)	(92, 2658705.0)	(97, 3340083.0)	(102, 3717885.0)	(107, 3748277.0)	(112, 3711505.0)	(117, 4042477.0)	(122, 3846462.0)	(127, 3603256.0)	(132, 3268458.0)	(137, 3160909.0)	(142, 2925107.0)	(147, 6863228.0)	(151, 34200588.0)
SRR14240771_1	(37, 2059429.0)	(42, 5189.0)	(47, 9185.0)	(52, 17666.0)	(57, 31069.0)	(62, 65049.0)	(67, 120503.0)	(72, 214629.0)	(77, 386326.0)	(82, 682899.0)	(87, 976258.0)	(92, 1386403.0)	(97, 1824474.0)	(102, 1976068.0)	(107, 2188095.0)	(112, 2265259.0)	(117, 2478833.0)	(122, 2471182.0)	(127, 2528541.0)	(132, 2424508.0)	(137, 2480898.0)	(142, 2323714.0)	(147, 5567180.0)	(151, 32288083.0)
SRR14240771_2	(37, 10592.0)	(42, 5119.0)	(47, 9070.0)	(52, 17501.0)	(57, 30728.0)	(62, 64204.0)	(67, 119171.0)	(72, 211773.0)	(77, 381365.0)	(82, 673213.0)	(87, 963754.0)	(92, 1367991.0)	(97, 1801505.0)	(102, 1953620.0)	(107, 2160028.0)	(112, 2240764.0)	(117, 2452766.0)	(122, 2444094.0)	(127, 2497634.0)	(132, 2388346.0)	(137, 2446190.0)	(142, 2318503.0)	(147, 6119462.0)	(151, 34094047.0)
SRR14240772_1	(37, 1766878.0)	(42, 9435.0)	(47, 17286.0)	(52, 33991.0)	(57, 60573.0)	(62, 127475.0)	(67, 242688.0)	(72, 445373.0)	(77, 766449.0)	(82, 1235951.0)	(87, 1721206.0)	(92, 2447652.0)	(97, 3177940.0)	(102, 3346140.0)	(107, 3401302.0)	(112, 3546005.0)	(117, 3880902.0)	(122, 3797020.0)	(127, 3684925.0)	(132, 3309753.0)	(137, 3274687.0)	(142, 3001492.0)	(147, 6473373.0)	(151, 36758204.0)
SRR14240772_2	(37, 27555.0)	(42, 9083.0)	(47, 16709.0)	(52, 33062.0)	(57, 58899.0)	(62, 124150.0)	(67, 236763.0)	(72, 434152.0)	(77, 747204.0)	(82, 1203590.0)	(87, 1678549.0)	(92, 2383691.0)	(97, 3099630.0)	(102, 3266604.0)	(107, 3314674.0)	(112, 3445631.0)	(117, 3778521.0)	(122, 3685219.0)	(127, 3579208.0)	(132, 3214298.0)	(137, 3191380.0)	(142, 2939688.0)	(147, 7429537.0)	(151, 38628903.0)
SRR14240773_1	(37, 1224924.0)	(42, 8461.0)	(47, 16487.0)	(52, 36594.0)	(57, 69388.0)	(62, 150510.0)	(67, 284957.0)	(72, 523318.0)	(77, 903972.0)	(82, 1468930.0)	(87, 2059717.0)	(92, 2751898.0)	(97, 3370399.0)	(102, 3545732.0)	(107, 3732255.0)	(112, 3721620.0)	(117, 3840390.0)	(122, 3706033.0)	(127, 3602908.0)	(132, 3334339.0)	(137, 3246405.0)	(142, 2968107.0)	(147, 6630378.0)	(151, 37039978.0)
SRR14240773_2	(37, 12713.0)	(42, 8290.0)	(47, 16158.0)	(52, 35954.0)	(57, 68027.0)	(62, 147678.0)	(67, 279594.0)	(72, 512750.0)	(77, 885493.0)	(82, 1437704.0)	(87, 2016204.0)	(92, 2691967.0)	(97, 3298144.0)	(102, 3469875.0)	(107, 3647203.0)	(112, 3634967.0)	(117, 3751851.0)	(122, 3613557.0)	(127, 3508816.0)	(132, 3242334.0)	(137, 3161406.0)	(142, 2911126.0)	(147, 7327578.0)	(151, 38558311.0)
SRR14240774_1	(37, 378219.0)	(42, 2836.0)	(47, 5124.0)	(52, 10253.0)	(57, 18892.0)	(62, 41042.0)	(67, 79451.0)	(72, 140817.0)	(77, 244636.0)	(82, 400569.0)	(87, 551730.0)	(92, 771044.0)	(97, 968908.0)	(102, 1008351.0)	(107, 1044660.0)	(112, 1092156.0)	(117, 1194744.0)	(122, 1164607.0)	(127, 1104354.0)	(132, 1031770.0)	(137, 1051311.0)	(142, 982365.0)	(147, 2129477.0)	(151, 12000582.0)
SRR14240774_2	(37, 6711.0)	(42, 2790.0)	(47, 5034.0)	(52, 10109.0)	(57, 18578.0)	(62, 40385.0)	(67, 78409.0)	(72, 138809.0)	(77, 241291.0)	(82, 394486.0)	(87, 544179.0)	(92, 759540.0)	(97, 955111.0)	(102, 994568.0)	(107, 1029397.0)	(112, 1075179.0)	(117, 1178186.0)	(122, 1148163.0)	(127, 1088310.0)	(132, 1016917.0)	(137, 1037301.0)	(142, 973776.0)	(147, 2449502.0)	(151, 12231167.0)
SRR14240775_1	(37, 2405700.0)	(42, 17240.0)	(47, 30004.0)	(52, 59186.0)	(57, 100491.0)	(62, 198239.0)	(67, 354493.0)	(72, 633147.0)	(77, 1093339.0)	(82, 1789699.0)	(87, 2677781.0)	(92, 3895446.0)	(97, 5107937.0)	(102, 5553863.0)	(107, 5946918.0)	(112, 5995506.0)	(117, 6171538.0)	(122, 6041235.0)	(127, 5879813.0)	(132, 5300520.0)	(137, 5091624.0)	(142, 4605555.0)	(147, 9000209.0)	(151, 48288381.0)
SRR14240775_2	(37, 22751.0)	(42, 16730.0)	(47, 29337.0)	(52, 58138.0)	(57, 98432.0)	(62, 193655.0)	(67, 347114.0)	(72, 619380.0)	(77, 1070227.0)	(82, 1748606.0)	(87, 2619357.0)	(92, 3805187.0)	(97, 4993479.0)	(102, 5433433.0)	(107, 5810533.0)	(112, 5851214.0)	(117, 6025853.0)	(122, 5893941.0)	(127, 5728811.0)	(132, 5163006.0)	(137, 4970199.0)	(142, 4539062.0)	(147, 10152525.0)	(151, 51046894.0)
SRR14240776_1	(37, 533936.0)	(42, 8545.0)	(47, 16146.0)	(52, 36074.0)	(57, 65669.0)	(62, 142121.0)	(67, 259396.0)	(72, 485239.0)	(77, 843769.0)	(82, 1369342.0)	(87, 2052075.0)	(92, 2873469.0)	(97, 3766681.0)	(102, 4187527.0)	(107, 4517180.0)	(112, 4636687.0)	(117, 4887113.0)	(122, 4774914.0)	(127, 4689131.0)	(132, 4306537.0)	(137, 4172241.0)	(142, 3773586.0)	(147, 7479137.0)	(151, 37370481.0)
SRR14240776_2	(37, 11917.0)	(42, 8439.0)	(47, 16047.0)	(52, 35857.0)	(57, 65026.0)	(62, 140526.0)	(67, 256566.0)	(72, 479326.0)	(77, 833698.0)	(82, 1351480.0)	(87, 2026269.0)	(92, 2834552.0)	(97, 3717690.0)	(102, 4133098.0)	(107, 4455520.0)	(112, 4568310.0)	(117, 4816579.0)	(122, 4707924.0)	(127, 4619649.0)	(132, 4243942.0)	(137, 4107548.0)	(142, 3749212.0)	(147, 8078559.0)	(151, 37989262.0)
SRR14240777_1	(37, 1047798.0)	(42, 8728.0)	(47, 15456.0)	(52, 33726.0)	(57, 58842.0)	(62, 120873.0)	(67, 221532.0)	(72, 402193.0)	(77, 708080.0)	(82, 1160101.0)	(87, 1742894.0)	(92, 2455340.0)	(97, 3266247.0)	(102, 3675228.0)	(107, 3989382.0)	(112, 4075662.0)	(117, 4256831.0)	(122, 4171863.0)	(127, 4110632.0)	(132, 3818850.0)	(137, 3674595.0)	(142, 3353507.0)	(147, 6627967.0)	(151, 33096901.0)
SRR14240777_2	(37, 30411.0)	(42, 8536.0)	(47, 15186.0)	(52, 33226.0)	(57, 57868.0)	(62, 118753.0)	(67, 217603.0)	(72, 394964.0)	(77, 695526.0)	(82, 1138932.0)	(87, 1712239.0)	(92, 2411998.0)	(97, 3210012.0)	(102, 3612769.0)	(107, 3919378.0)	(112, 4000619.0)	(117, 4179904.0)	(122, 4094730.0)	(127, 4034319.0)	(132, 3744441.0)	(137, 3607382.0)	(142, 3315196.0)	(147, 7145184.0)	(151, 34394052.0)
SRR14240778_1	(37, 1208159.0)	(42, 9183.0)	(47, 17197.0)	(52, 35388.0)	(57, 62585.0)	(62, 132120.0)	(67, 246982.0)	(72, 444760.0)	(77, 776055.0)	(82, 1257964.0)	(87, 1853801.0)	(92, 2588649.0)	(97, 3374098.0)	(102, 3681599.0)	(107, 3969737.0)	(112, 3954405.0)	(117, 4223849.0)	(122, 4021188.0)	(127, 3987133.0)	(132, 3652165.0)	(137, 3624692.0)	(142, 3313871.0)	(147, 6921061.0)	(151, 36962528.0)
SRR14240778_2	(37, 20756.0)	(42, 8972.0)	(47, 16834.0)	(52, 34797.0)	(57, 61346.0)	(62, 129277.0)	(67, 242351.0)	(72, 436343.0)	(77, 761146.0)	(82, 1233132.0)	(87, 1818235.0)	(92, 2537698.0)	(97, 3308086.0)	(102, 3611265.0)	(107, 3890738.0)	(112, 3871507.0)	(117, 4135412.0)	(122, 3938010.0)	(127, 3901573.0)	(132, 3571109.0)	(137, 3550755.0)	(142, 3265356.0)	(147, 7672744.0)	(151, 38301727.0)
SRR14240779_1	(37, 1426441.0)	(42, 12943.0)	(47, 24896.0)	(52, 52092.0)	(57, 92335.0)	(62, 193420.0)	(67, 361397.0)	(72, 652053.0)	(77, 1119052.0)	(82, 1771597.0)	(87, 2595341.0)	(92, 3609884.0)	(97, 4732915.0)	(102, 5257723.0)	(107, 5583623.0)	(112, 5623939.0)	(117, 6017893.0)	(122, 5789301.0)	(127, 5668771.0)	(132, 5215616.0)	(137, 5097549.0)	(142, 4685608.0)	(147, 9266467.0)	(151, 47418430.0)
SRR14240779_2	(37, 19555.0)	(42, 12785.0)	(47, 24618.0)	(52, 51490.0)	(57, 91173.0)	(62, 190530.0)	(67, 356557.0)	(72, 642110.0)	(77, 1101897.0)	(82, 1743203.0)	(87, 2553559.0)	(92, 3548884.0)	(97, 4651264.0)	(102, 5168761.0)	(107, 5482399.0)	(112, 5507770.0)	(117, 5893595.0)	(122, 5675675.0)	(127, 5549936.0)	(132, 5106126.0)	(137, 4989961.0)	(142, 4638590.0)	(147, 10297495.0)	(151, 48971353.0)
SRR14240780_1	(37, 2369725.0)	(42, 14933.0)	(47, 26340.0)	(52, 51176.0)	(57, 87747.0)	(62, 178525.0)	(67, 320157.0)	(72, 559920.0)	(77, 968069.0)	(82, 1618775.0)	(87, 2366854.0)	(92, 3274249.0)	(97, 4262620.0)	(102, 4654075.0)	(107, 4965838.0)	(112, 4955419.0)	(117, 5175961.0)	(122, 4971321.0)	(127, 4917251.0)	(132, 4572265.0)	(137, 4456677.0)	(142, 4089972.0)	(147, 8721114.0)	(151, 47562897.0)
SRR14240780_2	(37, 33539.0)	(42, 14699.0)	(47, 25938.0)	(52, 50474.0)	(57, 86416.0)	(62, 175698.0)	(67, 315310.0)	(72, 550855.0)	(77, 952165.0)	(82, 1590022.0)	(87, 2326973.0)	(92, 3216401.0)	(97, 4189008.0)	(102, 4574532.0)	(107, 4874797.0)	(112, 4861582.0)	(117, 5077475.0)	(122, 4865611.0)	(127, 4808867.0)	(132, 4466220.0)	(137, 4361466.0)	(142, 4026042.0)	(147, 9709288.0)	(151, 49988502.0)
SRR14240781_1	(37, 2399828.0)	(42, 14164.0)	(47, 25260.0)	(52, 49878.0)	(57, 84081.0)	(62, 169119.0)	(67, 297155.0)	(72, 514870.0)	(77, 863327.0)	(82, 1338412.0)	(87, 1890752.0)	(92, 2543794.0)	(97, 3321968.0)	(102, 3570074.0)	(107, 3671079.0)	(112, 3536598.0)	(117, 3797190.0)	(122, 3519518.0)	(127, 3484879.0)	(132, 3095221.0)	(137, 3028900.0)	(142, 2706434.0)	(147, 5280373.0)	(151, 27426392.0)
SRR14240781_2	(37, 30252.0)	(42, 13958.0)	(47, 24934.0)	(52, 49264.0)	(57, 82869.0)	(62, 166280.0)	(67, 292735.0)	(72, 506692.0)	(77, 848848.0)	(82, 1314828.0)	(87, 1858970.0)	(92, 2499626.0)	(97, 3264874.0)	(102, 3512189.0)	(107, 3606755.0)	(112, 3468524.0)	(117, 3725034.0)	(122, 3450436.0)	(127, 3414669.0)	(132, 3032920.0)	(137, 2972040.0)	(142, 2683363.0)	(147, 5942832.0)	(151, 29866374.0)
SRR14240782_1	(37, 1126653.0)	(42, 9705.0)	(47, 17943.0)	(52, 35228.0)	(57, 61037.0)	(62, 127398.0)	(67, 231736.0)	(72, 399028.0)	(77, 685661.0)	(82, 1116204.0)	(87, 1596939.0)	(92, 2185289.0)	(97, 2858492.0)	(102, 3164026.0)	(107, 3329012.0)	(112, 3333487.0)	(117, 3603720.0)	(122, 3478695.0)	(127, 3371579.0)	(132, 3166363.0)	(137, 3150082.0)	(142, 2990025.0)	(147, 6244916.0)	(151, 33526447.0)
SRR14240782_2	(37, 35987.0)	(42, 9560.0)	(47, 17668.0)	(52, 34927.0)	(57, 60234.0)	(62, 125673.0)	(67, 229062.0)	(72, 394107.0)	(77, 677169.0)	(82, 1101634.0)	(87, 1577392.0)	(92, 2158400.0)	(97, 2824041.0)	(102, 3128064.0)	(107, 3289337.0)	(112, 3286503.0)	(117, 3553837.0)	(122, 3432931.0)	(127, 3325136.0)	(132, 3123483.0)	(137, 3111031.0)	(142, 2976026.0)	(147, 6970518.0)	(151, 34366945.0)
SRR14240783_1	(37, 521601.0)	(42, 9503.0)	(47, 17630.0)	(52, 36782.0)	(57, 64226.0)	(62, 132558.0)	(67, 235844.0)	(72, 419261.0)	(77, 712073.0)	(82, 1136340.0)	(87, 1671354.0)	(92, 2316399.0)	(97, 3096470.0)	(102, 3513016.0)	(107, 3759731.0)	(112, 3788418.0)	(117, 4067627.0)	(122, 3928841.0)	(127, 3858894.0)	(132, 3569231.0)	(137, 3464442.0)	(142, 3179476.0)	(147, 6412640.0)	(151, 32928825.0)
SRR14240783_2	(37, 12612.0)	(42, 9382.0)	(47, 17423.0)	(52, 36444.0)	(57, 63535.0)	(62, 131028.0)	(67, 233361.0)	(72, 414087.0)	(77, 703436.0)	(82, 1121884.0)	(87, 1651056.0)	(92, 2287233.0)	(97, 3059061.0)	(102, 3472019.0)	(107, 3713367.0)	(112, 3735750.0)	(117, 4011954.0)	(122, 3879148.0)	(127, 3808655.0)	(132, 3521651.0)	(137, 3416220.0)	(142, 3159285.0)	(147, 6939258.0)	(151, 33443333.0)
SRR14240784_1	(37, 1285047.0)	(42, 7097.0)	(47, 11873.0)	(52, 22608.0)	(57, 40794.0)	(62, 85564.0)	(67, 160339.0)	(72, 288763.0)	(77, 524035.0)	(82, 912384.0)	(87, 1303773.0)	(92, 1875516.0)	(97, 2425905.0)	(102, 2656630.0)	(107, 2942292.0)	(112, 3103734.0)	(117, 3386835.0)	(122, 3467241.0)	(127, 3556091.0)	(132, 3473631.0)	(137, 3546714.0)	(142, 3383143.0)	(147, 8240235.0)	(151, 47746869.0)
SRR14240784_2	(37, 15570.0)	(42, 7012.0)	(47, 11783.0)	(52, 22416.0)	(57, 40333.0)	(62, 84497.0)	(67, 158600.0)	(72, 284889.0)	(77, 516771.0)	(82, 898684.0)	(87, 1285417.0)	(92, 1849018.0)	(97, 2391641.0)	(102, 2620082.0)	(107, 2898828.0)	(112, 3061172.0)	(117, 3342845.0)	(122, 3415789.0)	(127, 3495419.0)	(132, 3410504.0)	(137, 3487883.0)	(142, 3356553.0)	(147, 9162162.0)	(151, 48629245.0)
SRR14240785_1	(37, 6485557.0)	(42, 31283.0)	(47, 49175.0)	(52, 79448.0)	(57, 118291.0)	(62, 225861.0)	(67, 368945.0)	(72, 622950.0)	(77, 1008693.0)	(82, 1457414.0)	(87, 1972845.0)	(92, 2753438.0)	(97, 3541881.0)	(102, 3566286.0)	(107, 3616388.0)	(112, 3307764.0)	(117, 3674673.0)	(122, 3272525.0)	(127, 3319274.0)	(132, 2715726.0)	(137, 2667973.0)	(142, 2296517.0)	(147, 4282593.0)	(151, 25261250.0)
SRR14240785_2	(37, 133803.0)	(42, 30776.0)	(47, 48594.0)	(52, 78542.0)	(57, 117059.0)	(62, 223134.0)	(67, 365135.0)	(72, 616152.0)	(77, 998396.0)	(82, 1440592.0)	(87, 1950170.0)	(92, 2720322.0)	(97, 3498818.0)	(102, 3522799.0)	(107, 3569933.0)	(112, 3271625.0)	(117, 3639854.0)	(122, 3231676.0)	(127, 3273616.0)	(132, 2679131.0)	(137, 2634601.0)	(142, 2294220.0)	(147, 5174773.0)	(151, 31183029.0)
SRR14240786_1	(37, 601014.0)	(42, 6634.0)	(47, 13129.0)	(52, 29331.0)	(57, 57644.0)	(62, 130126.0)	(67, 253792.0)	(72, 483532.0)	(77, 850234.0)	(82, 1400228.0)	(87, 1991563.0)	(92, 2737755.0)	(97, 3459141.0)	(102, 3744354.0)	(107, 4001846.0)	(112, 4147677.0)	(117, 4486202.0)	(122, 4383459.0)	(127, 4334059.0)	(132, 4034759.0)	(137, 4052144.0)	(142, 3743435.0)	(147, 8385076.0)	(151, 46626502.0)
SRR14240786_2	(37, 12035.0)	(42, 6502.0)	(47, 12924.0)	(52, 28842.0)	(57, 56790.0)	(62, 128085.0)	(67, 249934.0)	(72, 475877.0)	(77, 836950.0)	(82, 1377746.0)	(87, 1961236.0)	(92, 2694519.0)	(97, 3407101.0)	(102, 3688173.0)	(107, 3939601.0)	(112, 4080705.0)	(117, 4417314.0)	(122, 4312324.0)	(127, 4262994.0)	(132, 3968668.0)	(137, 3992452.0)	(142, 3710223.0)	(147, 9390816.0)	(151, 46941825.0)
SRR14240787_1	(37, 793846.0)	(42, 8830.0)	(47, 18147.0)	(52, 40720.0)	(57, 80391.0)	(62, 181413.0)	(67, 355749.0)	(72, 666362.0)	(77, 1144299.0)	(82, 1793874.0)	(87, 2501905.0)	(92, 3387708.0)	(97, 4289534.0)	(102, 4587330.0)	(107, 4707124.0)	(112, 4880848.0)	(117, 5311459.0)	(122, 5111919.0)	(127, 4955774.0)	(132, 4520916.0)	(137, 4529355.0)	(142, 4162391.0)	(147, 9200399.0)	(151, 50864407.0)
SRR14240787_2	(37, 12682.0)	(42, 8673.0)	(47, 17870.0)	(52, 40079.0)	(57, 79058.0)	(62, 178285.0)	(67, 350035.0)	(72, 654845.0)	(77, 1124386.0)	(82, 1761527.0)	(87, 2457720.0)	(92, 3324714.0)	(97, 4211148.0)	(102, 4505875.0)	(107, 4620543.0)	(112, 4776427.0)	(117, 5201729.0)	(122, 5007008.0)	(127, 4852563.0)	(132, 4426205.0)	(137, 4441320.0)	(142, 4118224.0)	(147, 10505188.0)	(151, 51418596.0)
SRR14240788_1	(37, 1285379.0)	(42, 7770.0)	(47, 14325.0)	(52, 30013.0)	(57, 53698.0)	(62, 114515.0)	(67, 214455.0)	(72, 379984.0)	(77, 632953.0)	(82, 979321.0)	(87, 1331034.0)	(92, 1840450.0)	(97, 2352787.0)	(102, 2507065.0)	(107, 2537449.0)	(112, 2575460.0)	(117, 2812495.0)	(122, 2672599.0)	(127, 2555919.0)	(132, 2334548.0)	(137, 2383700.0)	(142, 2175913.0)	(147, 4362039.0)	(151, 22498508.0)
SRR14240788_2	(37, 12119.0)	(42, 7670.0)	(47, 14083.0)	(52, 29623.0)	(57, 52890.0)	(62, 112614.0)	(67, 211295.0)	(72, 373853.0)	(77, 622768.0)	(82, 962812.0)	(87, 1309747.0)	(92, 1809082.0)	(97, 2313225.0)	(102, 2466626.0)	(107, 2493393.0)	(112, 2523414.0)	(117, 2759765.0)	(122, 2623161.0)	(127, 2508118.0)	(132, 2290797.0)	(137, 2341798.0)	(142, 2153378.0)	(147, 5024036.0)	(151, 23636112.0)
SRR14240789_1	(37, 3899461.0)	(42, 19318.0)	(47, 32948.0)	(52, 59511.0)	(57, 97794.0)	(62, 192238.0)	(67, 355913.0)	(72, 607672.0)	(77, 1052736.0)	(82, 1735162.0)	(87, 2430884.0)	(92, 3542791.0)	(97, 4457766.0)	(102, 4508827.0)	(107, 4560954.0)	(112, 4306542.0)	(117, 4348603.0)	(122, 4082614.0)	(127, 3985353.0)	(132, 3442866.0)	(137, 3344834.0)	(142, 2986385.0)	(147, 5587761.0)	(151, 31165558.0)
SRR14240789_2	(37, 24498.0)	(42, 18890.0)	(47, 32425.0)	(52, 58768.0)	(57, 96367.0)	(62, 188923.0)	(67, 350645.0)	(72, 598385.0)	(77, 1036739.0)	(82, 1706777.0)	(87, 2394205.0)	(92, 3488270.0)	(97, 4392184.0)	(102, 4445616.0)	(107, 4488433.0)	(112, 4249872.0)	(117, 4299107.0)	(122, 4024414.0)	(127, 3920614.0)	(132, 3384547.0)	(137, 3294094.0)	(142, 2975466.0)	(147, 6596482.0)	(151, 34738770.0)
SRR14240790_1	(37, 1540007.0)	(42, 8077.0)	(47, 15659.0)	(52, 32782.0)	(57, 62718.0)	(62, 138952.0)	(67, 262570.0)	(72, 482638.0)	(77, 803115.0)	(82, 1206797.0)	(87, 1657382.0)	(92, 2231699.0)	(97, 2938255.0)	(102, 3192927.0)	(107, 3152599.0)	(112, 3218317.0)	(117, 3657866.0)	(122, 3358301.0)	(127, 3244417.0)	(132, 2845983.0)	(137, 2834822.0)	(142, 2553572.0)	(147, 5388877.0)	(151, 29128195.0)
SRR14240790_2	(37, 13064.0)	(42, 7985.0)	(47, 15435.0)	(52, 32349.0)	(57, 61852.0)	(62, 136829.0)	(67, 258777.0)	(72, 475467.0)	(77, 791091.0)	(82, 1186992.0)	(87, 1631444.0)	(92, 2194334.0)	(97, 2890265.0)	(102, 3142681.0)	(107, 3102286.0)	(112, 3153637.0)	(117, 3588522.0)	(122, 3297981.0)	(127, 3186341.0)	(132, 2797780.0)	(137, 2789701.0)	(142, 2538496.0)	(147, 6180338.0)	(151, 30482880.0)
SRR14240791_1	(37, 1816668.0)	(42, 9362.0)	(47, 18556.0)	(52, 39521.0)	(57, 78250.0)	(62, 175992.0)	(67, 354280.0)	(72, 641284.0)	(77, 1056177.0)	(82, 1533162.0)	(87, 2109431.0)	(92, 2785903.0)	(97, 3628133.0)	(102, 3929383.0)	(107, 4006290.0)	(112, 4074837.0)	(117, 4658241.0)	(122, 4354360.0)	(127, 4115557.0)	(132, 3795640.0)	(137, 3914449.0)	(142, 3748324.0)	(147, 7886269.0)	(151, 42010616.0)
SRR14240791_2	(37, 19072.0)	(42, 9290.0)	(47, 18374.0)	(52, 38969.0)	(57, 77250.0)	(62, 173270.0)	(67, 349305.0)	(72, 631195.0)	(77, 1040137.0)	(82, 1508166.0)	(87, 2075099.0)	(92, 2737955.0)	(97, 3563977.0)	(102, 3862356.0)	(107, 3934885.0)	(112, 3987759.0)	(117, 4562294.0)	(122, 4274162.0)	(127, 4040484.0)	(132, 3731449.0)	(137, 3847427.0)	(142, 3722060.0)	(147, 8901308.0)	(151, 43634442.0)
SRR14240792_1	(37, 10044240.0)	(42, 16383.0)	(47, 29687.0)	(52, 54661.0)	(57, 98572.0)	(62, 202805.0)	(67, 348932.0)	(72, 595982.0)	(77, 966187.0)	(82, 1444380.0)	(87, 1883950.0)	(92, 2432745.0)	(97, 2996979.0)	(102, 3191791.0)	(107, 3203032.0)	(112, 3143446.0)	(117, 3353782.0)	(122, 3125530.0)	(127, 3017893.0)	(132, 2720460.0)	(137, 2659709.0)	(142, 2387889.0)	(147, 4862260.0)	(151, 25248434.0)
SRR14240792_2	(37, 541673.0)	(42, 15618.0)	(47, 27044.0)	(52, 53268.0)	(57, 93185.0)	(62, 192248.0)	(67, 342602.0)	(72, 586629.0)	(77, 951365.0)	(82, 1420674.0)	(87, 1854684.0)	(92, 2392964.0)	(97, 2950108.0)	(102, 3143998.0)	(107, 3152953.0)	(112, 3086832.0)	(117, 3293713.0)	(122, 3069140.0)	(127, 2962430.0)	(132, 2669962.0)	(137, 2615775.0)	(142, 2368387.0)	(147, 5526732.0)	(151, 34717745.0)
SRR14240793_1	(37, 1020192.0)	(42, 24916.0)	(47, 40820.0)	(52, 83950.0)	(57, 150701.0)	(62, 292203.0)	(67, 543051.0)	(72, 890865.0)	(77, 1521829.0)	(82, 2446288.0)	(87, 3664668.0)	(92, 5148326.0)	(97, 6304277.0)	(102, 6883368.0)	(107, 7216705.0)	(112, 7490076.0)	(117, 7893280.0)	(122, 7779336.0)	(127, 7627488.0)	(132, 6859781.0)	(137, 6532172.0)	(142, 5850055.0)	(147, 11816394.0)	(151, 62148991.0)
SRR14240793_2	(37, 33221.0)	(42, 23918.0)	(47, 39909.0)	(52, 82558.0)	(57, 148207.0)	(62, 286858.0)	(67, 533512.0)	(72, 872448.0)	(77, 1490437.0)	(82, 2393803.0)	(87, 3589496.0)	(92, 5040060.0)	(97, 6183159.0)	(102, 6765137.0)	(107, 7070962.0)	(112, 7328142.0)	(117, 7726592.0)	(122, 7610253.0)	(127, 7459892.0)	(132, 6705239.0)	(137, 6400827.0)	(142, 5784242.0)	(147, 13202140.0)	(151, 63458720.0)
SRR14240794_1	(37, 4267488.0)	(42, 26009.0)	(47, 45953.0)	(52, 76718.0)	(57, 115463.0)	(62, 224644.0)	(67, 380864.0)	(72, 605013.0)	(77, 949615.0)	(82, 1381241.0)	(87, 1787076.0)	(92, 2424256.0)	(97, 3046989.0)	(102, 3112238.0)	(107, 3156765.0)	(112, 2882075.0)	(117, 3158429.0)	(122, 2812681.0)	(127, 2778680.0)	(132, 2360564.0)	(137, 2322979.0)	(142, 2036074.0)	(147, 3846457.0)	(151, 21283002.0)
SRR14240794_2	(37, 72027.0)	(42, 25475.0)	(47, 45002.0)	(52, 75250.0)	(57, 112928.0)	(62, 219373.0)	(67, 372885.0)	(72, 591913.0)	(77, 930547.0)	(82, 1352277.0)	(87, 1750558.0)	(92, 2373693.0)	(97, 2985060.0)	(102, 3049721.0)	(107, 3091330.0)	(112, 2825213.0)	(117, 3105221.0)	(122, 2757206.0)	(127, 2720794.0)	(132, 2313778.0)	(137, 2280998.0)	(142, 2022734.0)	(147, 4605951.0)	(151, 25401339.0)
SRR14240795_1	(37, 487384.0)	(42, 8575.0)	(47, 16254.0)	(52, 32633.0)	(57, 57992.0)	(62, 124941.0)	(67, 242580.0)	(72, 458706.0)	(77, 783525.0)	(82, 1239994.0)	(87, 1761764.0)	(92, 2599031.0)	(97, 3550924.0)	(102, 3782549.0)	(107, 3730047.0)	(112, 4063497.0)	(117, 4670092.0)	(122, 4591345.0)	(127, 4379085.0)	(132, 3835409.0)	(137, 3812868.0)	(142, 3555749.0)	(147, 7531247.0)	(151, 44998204.0)
SRR14240795_2	(37, 24612.0)	(42, 8299.0)	(47, 15892.0)	(52, 31932.0)	(57, 56617.0)	(62, 121831.0)	(67, 237062.0)	(72, 449016.0)	(77, 766387.0)	(82, 1213556.0)	(87, 1725905.0)	(92, 2542993.0)	(97, 3481434.0)	(102, 3711179.0)	(107, 3655802.0)	(112, 3943079.0)	(117, 4550820.0)	(122, 4490047.0)	(127, 4297964.0)	(132, 3764723.0)	(137, 3746643.0)	(142, 3522713.0)	(147, 9061599.0)	(151, 44894290.0)
SRR14240796_1	(37, 961023.0)	(42, 11789.0)	(47, 21713.0)	(52, 43870.0)	(57, 76079.0)	(62, 154702.0)	(67, 281220.0)	(72, 510789.0)	(77, 877582.0)	(82, 1401143.0)	(87, 2034504.0)	(92, 2872460.0)	(97, 3732079.0)	(102, 3998888.0)	(107, 4137816.0)	(112, 4122776.0)	(117, 4359716.0)	(122, 4186594.0)	(127, 4117280.0)	(132, 3637241.0)	(137, 3528080.0)	(142, 3166701.0)	(147, 6240353.0)	(151, 33618348.0)
SRR14240796_2	(37, 19676.0)	(42, 11606.0)	(47, 21397.0)	(52, 43384.0)	(57, 74878.0)	(62, 152089.0)	(67, 277082.0)	(72, 503042.0)	(77, 863927.0)	(82, 1378695.0)	(87, 2003803.0)	(92, 2827141.0)	(97, 3676271.0)	(102, 3940744.0)	(107, 4072338.0)	(112, 4052603.0)	(117, 4288413.0)	(122, 4113475.0)	(127, 4042449.0)	(132, 3570192.0)	(137, 3468577.0)	(142, 3135330.0)	(147, 7099391.0)	(151, 34456243.0)
SRR14240797_1	(37, 1716187.0)	(42, 17123.0)	(47, 32000.0)	(52, 65979.0)	(57, 117266.0)	(62, 246883.0)	(67, 470597.0)	(72, 825063.0)	(77, 1407238.0)	(82, 2230899.0)	(87, 3128139.0)	(92, 4338851.0)	(97, 5461614.0)	(102, 5866625.0)	(107, 6174039.0)	(112, 6206508.0)	(117, 6546679.0)	(122, 6437392.0)	(127, 6086166.0)	(132, 5782606.0)	(137, 5737016.0)	(142, 5390807.0)	(147, 10624150.0)	(151, 56184150.0)
SRR14240797_2	(37, 18933.0)	(42, 16893.0)	(47, 31543.0)	(52, 65265.0)	(57, 115781.0)	(62, 243176.0)	(67, 464280.0)	(72, 812935.0)	(77, 1386906.0)	(82, 2196321.0)	(87, 3080400.0)	(92, 4270616.0)	(97, 5376653.0)	(102, 5773405.0)	(107, 6070208.0)	(112, 6088132.0)	(117, 6425096.0)	(122, 6322072.0)	(127, 5971837.0)	(132, 5670303.0)	(137, 5626781.0)	(142, 5332808.0)	(147, 12001690.0)	(151, 57731943.0)
SRR14240798_1	(37, 1145628.0)	(42, 12366.0)	(47, 21139.0)	(52, 37320.0)	(57, 58989.0)	(62, 112064.0)	(67, 194074.0)	(72, 337444.0)	(77, 568177.0)	(82, 922605.0)	(87, 1354874.0)	(92, 2035137.0)	(97, 2726620.0)	(102, 3101386.0)	(107, 3455981.0)	(112, 3625948.0)	(117, 3898552.0)	(122, 3979793.0)	(127, 3902242.0)	(132, 3650817.0)	(137, 3591099.0)	(142, 3379416.0)	(147, 6960434.0)	(151, 40601827.0)
SRR14240798_2	(37, 40786.0)	(42, 11935.0)	(47, 20473.0)	(52, 36277.0)	(57, 57180.0)	(62, 108467.0)	(67, 188520.0)	(72, 327554.0)	(77, 551316.0)	(82, 896059.0)	(87, 1315667.0)	(92, 1974599.0)	(97, 2650356.0)	(102, 3011960.0)	(107, 3352593.0)	(112, 3508322.0)	(117, 3772565.0)	(122, 3868234.0)	(127, 3784042.0)	(132, 3538011.0)	(137, 3487065.0)	(142, 3339188.0)	(147, 8035406.0)	(151, 41797357.0)
