Sample	FastQC_mqc_generalstats_fastqc_percent_duplicates	FastQC_mqc_generalstats_fastqc_percent_gc	FastQC_mqc_generalstats_fastqc_avg_sequence_length	FastQC_mqc_generalstats_fastqc_median_sequence_length	FastQC_mqc_generalstats_fastqc_percent_fails	FastQC_mqc_generalstats_fastqc_total_sequences
SRR14240730_1	71.983047558178	50.0	129.24852747537423	142	36.36363636363637	79.14893099999999
SRR14240730_2	66.25039382969365	51.0	131.1360287860363	147	18.181818181818183	79.14893099999999
SRR14240731_1	66.1685314497468	48.0	132.82007928801582	147	36.36363636363637	97.203845
SRR14240731_2	60.60020797045995	48.0	133.75666786637916	147	18.181818181818183	97.203845
SRR14240732_1	62.696146699430734	46.0	129.1214252512204	137	36.36363636363637	80.65329
SRR14240732_2	55.83058451309475	47.0	130.74268965345368	142	27.27272727272727	80.65329
SRR14240733_1	60.97150084482699	47.0	131.46930473755702	147	36.36363636363637	66.446736
SRR14240733_2	52.330260896642976	47.0	132.9834207206205	147	27.27272727272727	66.446736
SRR14240734_1	74.27191163228136	49.0	129.7912842508592	142	36.36363636363637	132.562076
SRR14240734_2	68.71566819738473	50.0	131.6124378362934	142	18.181818181818183	132.562076
SRR14240735_1	66.84966155738377	49.0	131.12361196037756	142	36.36363636363637	141.622218
SRR14240735_2	60.69699482031716	50.0	132.4685240842648	147	18.181818181818183	141.622218
SRR14240736_1	73.82406976784144	51.0	128.07489424991252	137	36.36363636363637	95.088101
SRR14240736_2	68.43762020137468	52.0	131.36836860376462	142	18.181818181818183	95.088101
SRR14240737_1	73.9254001405574	50.0	128.64877357739056	137	36.36363636363637	111.13448899999999
SRR14240737_2	68.31271784671691	51.0	131.47763929521466	142	18.181818181818183	111.13448899999999
SRR14240738_1	68.44634651734592	48.0	129.1078463370258	142	36.36363636363637	113.341448
SRR14240738_2	60.56135647825257	49.0	132.01534516305102	147	18.181818181818183	113.341448
SRR14240739_1	76.09655182922069	51.0	128.54745046432654	137	36.36363636363637	89.701314
SRR14240739_2	71.37645106124128	51.0	130.492738367244	142	18.181818181818183	89.701314
SRR14240740_1	71.21872970785803	50.0	126.84218697672992	137	36.36363636363637	100.076785
SRR14240740_2	66.40529269193235	51.0	128.57192712575647	137	18.181818181818183	100.076785
SRR14240741_1	66.22816529929408	46.0	128.48042311923908	137	36.36363636363637	94.577784
SRR14240741_2	56.69268633271313	47.0	130.9983737618551	142	27.27272727272727	94.577784
SRR14240742_1	47.16218923534991	46.0	136.41838634505257	151	9.090909090909092	41.556219999999996
SRR14240742_2	39.64172198593886	46.0	137.25347673585327	151	9.090909090909092	41.556219999999996
SRR14240743_1	67.4068187806522	53.0	130.3990108950659	142	36.36363636363637	66.713043
SRR14240743_2	62.911097080425336	53.0	131.3195873406644	142	18.181818181818183	66.713043
SRR14240744_1	65.20271304599615	49.0	128.51898376015828	137	36.36363636363637	114.240276
SRR14240744_2	59.30995790181616	49.0	130.32824827909204	142	18.181818181818183	114.240276
SRR14240745_1	63.0826257079676	48.0	130.43284415321244	142	36.36363636363637	77.610063
SRR14240745_2	55.623885953165455	49.0	132.44582271502603	147	27.27272727272727	77.610063
SRR14240746_1	71.08957107565087	51.0	130.31778973766745	142	36.36363636363637	98.465977
SRR14240746_2	66.74774465783585	52.0	131.43086672465557	142	18.181818181818183	98.465977
SRR14240747_1	60.69254868163823	46.0	131.2261592792603	147	36.36363636363637	73.494716
SRR14240747_2	52.47686087894793	47.0	132.63382428744944	147	27.27272727272727	73.494716
SRR14240748_1	68.65533995235432	49.0	128.10847940970547	137	36.36363636363637	95.814948
SRR14240748_2	62.36093713426404	50.0	131.17345986557336	142	18.181818181818183	95.814948
SRR14240749_1	68.81057555940565	46.0	131.23203955108784	142	36.36363636363637	97.276313
SRR14240749_2	61.38481363985555	46.0	132.4859229399453	147	27.27272727272727	97.276313
SRR14240750_1	68.54794279654753	48.0	128.6637509144495	142	36.36363636363637	86.24041
SRR14240750_2	61.28741763853283	48.0	130.8155686759838	142	18.181818181818183	86.24041
SRR14240751_1	84.32755935968599	50.0	121.96646534040708	127	36.36363636363637	75.653817
SRR14240751_2	76.22806155354223	52.0	128.15599047699075	137	18.181818181818183	75.653817
SRR14240752_1	65.70474352320309	48.0	135.8454527222393	151	36.36363636363637	69.602313
SRR14240752_2	58.87070065696188	49.0	137.18306391628107	151	27.27272727272727	69.602313
SRR14240753_1	58.98254410468053	46.0	129.3345540794801	137	36.36363636363637	97.38360999999999
SRR14240753_2	49.91470618733311	46.0	131.10792440329539	142	18.181818181818183	97.38360999999999
SRR14240754_1	61.76111408662162	50.0	124.5917348899374	137	36.36363636363637	60.898208999999994
SRR14240754_2	51.087271313311554	52.0	130.68182850828995	142	18.181818181818183	60.898208999999994
SRR14240755_1	61.02776754064227	48.0	128.94723659167786	142	36.36363636363637	85.657772
SRR14240755_2	53.552325269525035	48.0	131.56852264380632	142	18.181818181818183	85.657772
SRR14240756_1	57.46623561215014	49.0	125.12210308768725	132	36.36363636363637	56.406911
SRR14240756_2	48.21972000386284	50.0	129.8955884678741	137	9.090909090909092	56.406911
SRR14240757_1	72.80784059503924	51.0	127.33392603325439	137	36.36363636363637	79.835228
SRR14240757_2	62.94798587996456	52.0	132.54305681947824	147	18.181818181818183	79.835228
SRR14240758_1	58.81694747139302	47.0	136.94553527038988	151	36.36363636363637	55.609493
SRR14240758_2	50.09429718541078	47.0	137.7372527924324	151	27.27272727272727	55.609493
SRR14240759_1	50.19852414671572	47.0	130.77833242638675	147	36.36363636363637	45.162527999999995
SRR14240759_2	40.93795692678197	47.0	132.45009256346324	147	18.181818181818183	45.162527999999995
SRR14240760_1	61.86246324343435	48.0	135.77650850521343	151	36.36363636363637	102.286322
SRR14240760_2	53.981041395719124	48.0	136.47601256011532	151	18.181818181818183	102.286322
SRR14240761_1	76.55262268427724	49.0	124.49525134634372	137	36.36363636363637	71.003599
SRR14240761_2	65.85450016340413	51.0	131.18253521205312	147	18.181818181818183	71.003599
SRR14240762_1	64.51417391965833	48.0	129.44427627705363	137	36.36363636363637	154.183677
SRR14240762_2	56.472679053494666	48.0	130.48052203347052	142	27.27272727272727	154.183677
SRR14240763_1	55.45899396004012	48.0	133.14590543833256	147	36.36363636363637	68.709406
SRR14240763_2	46.25764954003168	49.0	135.3916986853299	151	9.090909090909092	68.709406
SRR14240764_1	60.73143098986457	45.0	127.02687168831898	137	36.36363636363637	87.759056
SRR14240764_2	51.50398745508392	47.0	129.75622604691645	142	27.27272727272727	87.759056
SRR14240765_1	66.8425661677056	48.0	130.37702893588204	142	36.36363636363637	125.06648299999999
SRR14240765_2	58.03960197252864	49.0	132.2724260743784	147	27.27272727272727	125.06648299999999
SRR14240766_1	63.79273598452826	48.0	129.73931136313797	137	36.36363636363637	87.27235399999999
SRR14240766_2	57.39852627207918	48.0	130.59140098363795	142	27.27272727272727	87.27235399999999
SRR14240767_1	56.62507737922894	46.0	131.50353926317084	147	36.36363636363637	85.351805
SRR14240767_2	46.882913613145064	46.0	132.30978852761228	147	18.181818181818183	85.351805
SRR14240768_1	60.19905091369859	48.0	134.60401765885183	147	36.36363636363637	59.726873
SRR14240768_2	50.29624969412259	49.0	135.5298995144112	147	27.27272727272727	59.726873
SRR14240769_1	63.03313260756502	48.0	130.1802563332893	142	36.36363636363637	119.28836899999999
SRR14240769_2	53.40431941786701	48.0	132.2071690409314	147	27.27272727272727	119.28836899999999
SRR14240770_1	69.69695628284616	46.0	127.66603673009654	137	36.36363636363637	85.19482099999999
SRR14240770_2	59.895337847255384	47.0	130.27231712829118	142	27.27272727272727	85.19482099999999
SRR14240771_1	64.8886513669405	47.0	132.81259715231542	147	36.36363636363637	66.77144
SRR14240771_2	58.463462300544066	48.0	136.45075466397012	151	27.27272727272727	66.77144
SRR14240772_1	67.4912538374305	50.0	130.28439835334063	142	36.36363636363637	86.52669999999999
SRR14240772_2	58.06430688093933	51.0	133.00373852232894	147	18.181818181818183	86.52669999999999
SRR14240773_1	57.41131183738139	47.0	130.08840792541056	142	36.36363636363637	88.23769999999999
SRR14240773_2	46.9074582391417	48.0	132.05094074301573	147	18.181818181818183	88.23769999999999
SRR14240774_1	57.01521398199675	50.0	131.39180049469874	147	36.36363636363637	27.417897999999997
SRR14240774_2	50.56733553581535	50.0	133.14242630853758	147	27.27272727272727	27.417897999999997
SRR14240775_1	67.35587080283466	51.0	128.6878042549896	137	36.36363636363637	126.23786399999999
SRR14240775_2	59.50050978854591	51.0	131.25965426664698	142	18.181818181818183	126.23786399999999
SRR14240776_1	54.481765450714356	48.0	130.29755490853415	137	36.36363636363637	97.246996
SRR14240776_2	46.89857379979661	48.0	131.15108830713908	142	18.181818181818183	97.246996
SRR14240777_1	57.88971194171643	49.0	129.89628365427302	142	36.36363636363637	86.093228
SRR14240777_2	50.96227101010001	49.0	131.56411923595198	142	18.181818181818183	86.093228
SRR14240778_1	60.179842070915164	48.0	130.42628774629227	142	36.36363636363637	90.319169
SRR14240778_2	51.83176943114828	49.0	132.26646395517656	147	27.27272727272727	90.319169
SRR14240779_1	65.57062724321797	50.0	129.7343489189918	142	36.36363636363637	122.269286
SRR14240779_2	58.13791851590665	50.0	131.3665052726324	142	18.181818181818183	122.269286
SRR14240780_1	65.62519325811168	48.0	129.87864118598725	142	36.36363636363637	115.14188
SRR14240780_2	54.65327902234696	49.0	132.49812420988783	147	18.181818181818183	115.14188
SRR14240781_1	65.2494118575691	49.0	126.02410820429887	137	36.36363636363637	76.629266
SRR14240781_2	56.7701843316087	50.0	129.8875840465443	142	18.181818181818183	76.629266
SRR14240782_1	68.69584782360569	48.0	130.84999896942307	142	36.36363636363637	79.809665
SRR14240782_2	61.34937890405157	49.0	132.59975073194457	147	18.181818181818183	79.809665
SRR14240783_1	59.84877246941848	46.0	130.72708823734553	142	36.36363636363637	82.84118199999999
SRR14240783_2	52.596830193929414	47.0	131.64311732056166	142	27.27272727272727	82.84118199999999
SRR14240784_1	67.469700985045	48.0	135.26533703576519	151	36.36363636363637	94.447113
SRR14240784_2	59.63646478845425	49.0	136.9573042534397	151	18.181818181818183	94.447113
SRR14240785_1	67.25536729891863	53.0	119.55830709906222	127	36.36363636363637	76.69675
SRR14240785_2	57.75668910509286	56.0	129.20457113241434	142	27.27272727272727	76.69675
SRR14240786_1	63.349475733825365	46.0	132.80974010375164	147	36.36363636363637	103.95363599999999
SRR14240786_2	55.13817449338761	46.0	133.6835560229947	147	27.27272727272727	103.95363599999999
SRR14240787_1	66.26937116411705	47.0	131.5470907077117	147	36.36363636363637	118.09469999999999
SRR14240787_2	57.026223764119585	48.0	132.60363559075896	147	27.27272727272727	118.09469999999999
SRR14240788_1	67.37900881990046	50.0	128.24700571821649	137	36.36363636363637	58.652378999999996
SRR14240788_2	59.30773552705587	51.0	131.02199504985126	142	18.181818181818183	58.652378999999996
SRR14240789_1	78.58840939027644	56.0	123.73203918955947	132	36.36363636363637	90.804491
SRR14240789_2	72.50551896845559	58.0	128.87581900547187	137	18.181818181818183	90.804491
SRR14240790_1	64.88804940774122	47.0	128.5885261215687	142	36.36363636363637	73.956527
SRR14240790_2	56.06225941899974	48.0	131.2283478914579	142	27.27272727272727	73.956527
SRR14240791_1	70.66758718132313	48.0	130.15436364166075	142	36.36363636363637	100.740685
SRR14240791_2	61.3860995189525	49.0	132.47226409071965	147	27.27272727272727	100.740685
SRR14240792_1	68.37772736183706	46.0	116.61532835773401	127	36.36363636363637	78.029729
SRR14240792_2	52.697319436127934	50.0	130.80022004177408	147	36.36363636363637	78.029729
SRR14240793_1	61.19251754286773	49.0	129.82079641748388	137	36.36363636363637	160.22973199999998
SRR14240793_2	52.43533285280023	49.0	130.89703198155507	142	27.27272727272727	160.22973199999998
SRR14240794_1	68.57682957262018	52.0	120.72430795875796	127	36.36363636363637	65.081273
SRR14240794_2	58.29094506412087	55.0	128.47765319525942	137	27.27272727272727	65.081273
SRR14240795_1	72.45762001497691	50.0	132.76391076275743	147	36.36363636363637	100.31439499999999
SRR14240795_2	66.47529914568972	51.0	133.5994879398914	147	18.181818181818183	100.31439499999999
SRR14240796_1	62.130515048166316	49.0	128.9279260178812	137	36.36363636363637	88.09274599999999
SRR14240796_2	55.275145395799655	49.0	130.43420134729368	142	18.181818181818183	88.09274599999999
SRR14240797_1	71.07429665589572	49.0	129.7943998630076	142	36.36363636363637	141.093977
SRR14240797_2	62.993415285103175	50.0	131.45153567398557	142	18.181818181818183	141.093977
SRR14240798_1	58.31657840812621	49.0	132.92330932918165	147	36.36363636363637	89.673932
SRR14240798_2	50.73274102166568	50.0	134.76023145723107	147	18.181818181818183	89.673932
